In	PRE	in
nomine	DET	nommier
Patris	VERB	partir
et	CCONJ	et
Filii	NOUN	filiie
et	CCONJ	et
Spiritus	ADJ	septir
Sancti	PROPN	sancit
.	PUNCT	.
Amen	NOUN	amener
Tresdouz	PROPN	trefout
Sires	NOUN	seignor
Jesus	PROPN	jesus
Crist	PROPN	crist
,	PUNCT	,
ceo	DET	ce
qe	SCONJ	que
jeo	PRON	je
par	ADP	par
l'	DET	le
eide	NOUN	aide
de	ADP	de
vous	PRON	vous
pense	NOUN	penser
cy	ADV	ci
enapres	ADV	empart
a	ADP	a
escrire	VERB	écrire
,	PUNCT	,
jeo	PRON	je
vous	PRON	vous
requere	VERB	requerre
,	PUNCT	,
Sire	NOUN	seignor
,	PUNCT	,
et	CCONJ	et
humblement	ADV	humblement
vous	PRON	vous
prie	VERB	priier
qe	SCONJ	que
vous	PRON	vous
plese	NOUN	plaire
a	ADP	a
moy	PRON	moi
doner	VERB	doner
grace	NOUN	grace
de	ADP	de
ensi	ADV	ainsi
ceste	DET	cest
oevre	NOUN	ovrir
comencer	VERB	commencer
et	CCONJ	et
acomplir	VERB	accomplir
,	PUNCT	,
qe	SCONJ	que
ceo	DET	ce
soit	VERB	estre
a	ADP	a
la	DET	le
plesaunce	NOUN	plaseur
de	ADP	de
vous	PRON	vous
et	CCONJ	et
al	ADP.DET	à.le
honour	NOUN	honneur
de	ADP	de
vostre	DET	vostre
douce	ADJ	doux
miere	NOUN	mier
et	CCONJ	et
a	ADP	a
la	DET	le
loenge	NOUN	louange
de	ADP	de
touz	DET	tout
les	DET	le
seyntz	NOUN	saint
et	CCONJ	et
seyntes	NOUN	saint
de	ADP	de
paradys	NOUN	paradis
.	PUNCT	.
Amen	NOUN	amener
.	PUNCT	.
Beau	PROPN	beau
Sire	NOUN	seignor
Dieux	PROPN	dieu
,	PUNCT	,
de	ADP	de
trois	DET	trois
choses	NOUN	chose
vous	PRON	vous
sui	VERB	estre
jeo	PRON	je
principalment	ADV	principal
tenuz	VERB	tenir
a	ADP	a
dire	VERB	dire
:	PUNCT	:
Sire	NOUN	seignor
,	PUNCT	,
mercye	NOUN	mercïer
et	CCONJ	et
graunte	ADJ	grant
mercye	NOUN	mercïer
.	PUNCT	.
La	DET	le
primere	NOUN	primer
resone	NOUN	resoner
si	ADV	si
est	VERB	estre
de	ADP	de
dire	VERB	dire
graunt	ADJ	grant
mercye	NOUN	mercïer
:	PUNCT	:
de	ADP	de
ceo	DET	ce
,	PUNCT	,
Sire	NOUN	seignor
,	PUNCT	,
qe	SCONJ	que
vous	PRON	vous
me	PRON	je
feistes	VERB	faire
de	ADP	de
nient	ADV	néant
et	CCONJ	et
puis	NOUN	puis
voilliez	NOUN	vouloir
qe	SCONJ	que
jeo	PRON	je
eusse	VERB	avoir
si	ADV	si
grandement	NOUN	grandement
ma	DET	mon
part	NOUN	part
du	ADP.DET	de.le
mounde	NOUN	moudie
qe	SCONJ	que
vous	PRON	vous
,	PUNCT	,
tresdouz	DET	troudse
Sires	NOUN	seignor
,	PUNCT	,
feistes	VERB	faire
soulement	ADV	solommer
pur	ADP	pour
servire	NOUN	servir
a	ADP	a
homme	NOUN	homme
,	PUNCT	,
et	CCONJ	et
homme	NOUN	homme
pur	ADP	pour
luy	PRON	lui
memes	NOUN	meme
,	PUNCT	,
et	CCONJ	et
pur	ADP	pour
totes	DET	tot
altres	PRON	autre
creatures	NOUN	créature
a	ADP	a
vous	PRON	vous
servir	VERB	servir
,	PUNCT	,
loer	VERB	lore
et	CCONJ	et
gracier	VERB	gracier
.	PUNCT	.
Et	CCONJ	et
me	PRON	je
semble	NOUN	sembler
,	PUNCT	,
Sire	NOUN	seignor
,	PUNCT	,
qe	SCONJ	que
vous	PRON	vous
feistes	VERB	faire
le	DET	le
mounde	NOUN	moudie
ataunt	VERB	atouder
pur	ADP	pour
moy	PRON	moi
come	SCONJ	come
pur	ADP	pour
une	DET	un
altre	ADJ	autre
,	PUNCT	,
et	CCONJ	et
de	ADP	de
taunt	ADV	tantou
plus	ADV	plus
comme	SCONJ	comme
jeo	PRON	je
plus	ADV	plus
en	ADP	en
ai	VERB	avoir
et	CCONJ	et
ai	VERB	avoir
eu	VERB	avoir
,	PUNCT	,
la	DET	le
vostre	DET	vostre
mercy	NOUN	merci
.	PUNCT	.
E	CCONJ	et
,	PUNCT	,
tresdouz	DET	troudse
Sire	NOUN	seignor
,	PUNCT	,
quant	SCONJ	cant
jeo	PRON	je
me	PRON	je
recorde	VERB	recorder
de	ADP	de
ceo	DET	ce
qe	SCONJ	que
j'	PRON	je
ai	VERB	avoir
resceu	VERB	rescure
de	ADP	de
vous	PRON	vous
en	ADP	en
cest	DET	cest
siecle	NOUN	siècle
et	CCONJ	et
receyve	NOUN	recevoir
touz	DET	tout
les	DET	le
jours	NOUN	jour
saunz	NOUN	saint
ma	DET	mon
deserte	NOUN	deserte
,	PUNCT	,
comme	SCONJ	comme
en	ADP	en
vertues	NOUN	vertu
et	CCONJ	et
en	ADP	en
graces	NOUN	grace
qe	SCONJ	que
malement	ADV	malement
sount	VERB	sont
enploiees	NOUN	emploiier
en	ADP	en
moi	PRON	je
et	CCONJ	et
en	ADP	en
la	DET	le
sustenaunce	NOUN	souspantenune
de	ADP	de
moun	DET	mon
cheitif	ADJ	chaitif
corps	NOUN	corps
et	CCONJ	et
en	ADP	en
services	NOUN	service
de	ADP	de
mes	DET	mais
proemes	NOUN	prometer
-	PUNCT	-
et	CCONJ	et
ceo	DET	ce
par	ADP	par
mult	ADV	moult
de	ADP	de
maneres	NOUN	mener
,	PUNCT	,
les	DET	le
queux	DET	quel
vous	PRON	vous
feistes	VERB	faire
,	PUNCT	,
Sire	NOUN	seignor
,	PUNCT	,
ausi	ADV	aussi
diligeanment	NOUN	dilaignement
comme	SCONJ	comme
moi	PRON	je
et	CCONJ	et
ausi	ADV	aussi
chier	ADJ	chier
les	DET	le
achatestes	NOUN	acheter
et	CCONJ	et
mult	ADV	moult
plus	ADV	plus
chier	ADJ	chier
les	DET	le
aveetz	NOUN	avoir
,	PUNCT	,
et	CCONJ	et
par	ADP	par
bon	ADJ	bon
droit	ADJ	droit
,	PUNCT	,
car	CCONJ	car
asseez	NOUN	assez
plus	ADV	plus
valent	NOUN	valoir
de	ADP	de
corps	NOUN	corps
et	CCONJ	et
d'	ADP	de
alme	NOUN	alem
et	CCONJ	et
de	ADP	de
biens	NOUN	bien
de	ADP	de
cest	DET	cest
mounde	NOUN	moudie
,	PUNCT	,
qe	SCONJ	que
vous	PRON	vous
,	PUNCT	,
beau	ADJ	beau
Sire	NOUN	seignor
Dieux	PROPN	dieu
,	PUNCT	,
avetz	NOUN	avoir
establi	VERB	establir
pur	ADP	pour
servir	VERB	servir
a	ADP	a
nous	PRON	nous
touz	DET	tout
-	PUNCT	-
certes	ADV	certes
,	PUNCT	,
jeo	PRON	je
conois	NOUN	conoistre
qe	SCONJ	que
j'	PRON	je
ai	VERB	avoir
eu	VERB	avoir
ma	DET	mon
part	NOUN	part
plus	ADV	plus
qe	SCONJ	que
tout	DET	tout
pleyn	ADJ	plein
des	ADP.DET	de.le
altres	PRON	autre
:	PUNCT	:
et	CCONJ	et
c'	CCONJ	ce
est	VERB	estre
en	ADP	en
loos	NOUN	louer
et	CCONJ	et
en	ADP	en
pris	NOUN	prendre
mult	ADV	moult
malement	ADV	malement
deservi	VERB	deservir
,	PUNCT	,
et	CCONJ	et
en	ADP	en
richesces	NOUN	richece
mult	ADV	moult
malement	ADV	malement
aquises	VERB	acquérir
et	CCONJ	et
pirs	NOUN	pers
despendues	VERB	despendre
,	PUNCT	,
et	CCONJ	et
le	DET	le
desduyt	NOUN	de.ledit
des	ADP.DET	de.le
bestes	NOUN	beste
,	PUNCT	,
d'	ADP	de
oiseaux	NOUN	oiseau
sauvages	ADJ	sauvage
et	CCONJ	et
privés	NOUN	priver
,	PUNCT	,
et	CCONJ	et
le	DET	le
profit	NOUN	profit
et	CCONJ	et
l'	DET	le
aise	NOUN	aise
qe	SCONJ	que
ent	CCONJ	entre
vient	VERB	venir
;	PUNCT	;
qe	SCONJ	que
,	PUNCT	,
courtment	ADV	courtremont
a	ADP	a
dire	VERB	dire
,	PUNCT	,
pus	ADV	pus
de	ADP	de
quantqe	SCONJ	cantque
jeo	PRON	je
saveroie	VERB	savoir
deviser	VERB	deviser
ou	CCONJ	ou
sohaider	VERB	sohaitier
,	PUNCT	,
douce	ADJ	doux
Sire	NOUN	seignor
,	PUNCT	,
par	ADP	par
vostre	DET	vostre
graunte	ADJ	grant
grace	NOUN	grace
et	CCONJ	et
bonté	NOUN	bonté
,	PUNCT	,
vous	PRON	vous
m'	PRON	je
en	ADP	en
aveetz	NOUN	avoir
ycy	ADV	ci
purveu	NOUN	pouvoir
largement	NOUN	largement
,	PUNCT	,
la	DET	le
vostre	DET	vostre
chere	NOUN	cher
mercie	NOUN	mercïer
.	PUNCT	.
Et	CCONJ	et
jeo	PRON	je
cheitif	ADJ	chaitif
dolent	ADJ	doler
comme	SCONJ	comme
malveys	ADJ	mauvais
et	CCONJ	et
faux	NOUN	faus
traitre	VERB	traire
qe	SCONJ	que
jeo	PRON	je
sui	VERB	estre
,	PUNCT	,
qi	PRON	qui
n'	ADV	ne
ai	VERB	avoir
pas	NOUN	pas
volu	VERB	vouloir
servir	VERB	servir
ne	ADV	ne
grace	NOUN	grace
rendre	VERB	rendre
a	ADP	a
vous	PRON	vous
moun	DET	mon
tresdouz	DET	troudse
seignur	NOUN	seigneur
,	PUNCT	,
des	ADP.DET	de.le
biens	NOUN	bien
et	CCONJ	et
de	ADP	de
graces	NOUN	grace
qe	SCONJ	que
vous	PRON	vous
m'	PRON	je
avetz	NOUN	avoir
fait	VERB	faire
,	PUNCT	,
mes	DET	mais
tout	DET	tout
a	ADP	a
contraire	ADJ	contraire
,	PUNCT	,
car	CCONJ	car
de	ADP	de
tout	DET	tout
ceo	DET	ce
qe	SCONJ	que
j'	PRON	je
ai	VERB	avoir
,	PUNCT	,
Sire	NOUN	seignor
,	PUNCT	,
de	ADP	de
vous	PRON	vous
receu	VERB	recevoir
,	PUNCT	,
j'	PRON	je
ai	VERB	avoir
plus	ADV	plus
servi	VERB	servir
,	PUNCT	,
honouree	NOUN	honorer
et	CCONJ	et
creu	NOUN	croire
le	DET	le
ord	NOUN	ord
deable	NOUN	dïable
d'	ADP	de
enfern	NOUN	enfer
qe	SCONJ	que
vous	PRON	vous
.	PUNCT	.
Jeo	PRON	je
l'	DET	le
ai	VERB	avoir
servi	VERB	servir
de	ADP	de
moun	DET	mon
corps	NOUN	corps
et	CCONJ	et
de	ADP	de
mes	DET	mais
cynk	DET	cinq
sens	NOUN	sens
et	CCONJ	et
de	ADP	de
touz	DET	tout
les	DET	le
biens	NOUN	bien
qe	SCONJ	que
vous	PRON	vous
,	PUNCT	,
moun	DET	mon
seignur	NOUN	seigneur
,	PUNCT	,
m'	PRON	je
avetz	NOUN	avoir
prestee	NOUN	prester
en	ADP	en
cest	DET	cest
siecle	NOUN	siècle
,	PUNCT	,
dount	PRON	dont
jeo	PRON	je
en	ADP	en
doi	NOUN	devoir
avoir	VERB	avoir
bien	NOUN	bien
malvais	ADJ	mauvais
guerdoun	NOUN	guerdonner
.	PUNCT	.
Honour	NOUN	honorer
lui	PRON	lui
face	VERB	faire
jeo	PRON	je
trop	ADV	trop
graunt	ADJ	grant
,	PUNCT	,
quant	SCONJ	cant
jeo	PRON	je
lui	PRON	lui
doune	ADJ	doner
quantqe	SCONJ	cantque
vous	PRON	vous
m'	PRON	je
avetz	NOUN	avoir
donee	VERB	doner
-	PUNCT	-
c'	CCONJ	ce
est	VERB	estre
corps	NOUN	corps
et	CCONJ	et
alme	NOUN	alem
et	CCONJ	et
tout	DET	tout
le	DET	le
remenaunt	VERB	remanoir
.	PUNCT	.
Jeo	PRON	je
lui	PRON	lui
en	ADP	en
ai	VERB	avoir
fait	VERB	faire
mult	ADV	moult
sovent	ADJ	sovent
present	NOUN	présent
et	CCONJ	et
sacrifice	NOUN	sacrifice
,	PUNCT	,
de	ADP	de
qoi	PRON	coi
j'	PRON	je
ai	VERB	avoir
deservi	VERB	deservir
d'	ADP	de
avoir	VERB	avoir
mult	ADV	moult
graunt	ADJ	grant
hounte	NOUN	honte
et	CCONJ	et
deshonour	NOUN	desconser
;	PUNCT	;
et	CCONJ	et
creu	NOUN	croire
l'	DET	le
ai	VERB	avoir
jeo	PRON	je
,	PUNCT	,
tresdouz	DET	troudse
Sire	NOUN	seignor
,	PUNCT	,
mult	ADV	moult
foiZe	NOUN	foise
,	PUNCT	,
en	ADP	en
taunt	ADV	tantou
qe	SCONJ	que
j'	PRON	je
ai	VERB	avoir
lessee	VERB	laissier
affaire	NOUN	affaire
voz	DET	vostre
comaundementz	VERB	commandeumette
et	CCONJ	et
voz	DET	vostre
bons	ADJ	bon
enseignementz	VERB	ensemgner
pur	ADP	pour
les	DET	le
soens	ADJ	soene
malveis	ADJ	mauvais
et	CCONJ	et
dolorous	NOUN	doloros
et	CCONJ	et
les	DET	le
mals	NOUN	mal
qe	SCONJ	que
j'	PRON	je
ai	VERB	avoir
par	ADP	par
ceo	DET	ce
fait	VERB	faire
et	CCONJ	et
les	DET	le
biens	NOUN	bien
qe	SCONJ	que
j'	PRON	je
ai	VERB	avoir
lessee	VERB	laissier
affaire	NOUN	affaire
,	PUNCT	,
et	CCONJ	et
ensi	ADV	ainsi
par	ADP	par
soun	DET	son
enticement	NOUN	entencement
et	CCONJ	et
par	ADP	par
malvais	ADJ	mauvais
assentement	NOUN	assentement
sui	VERB	estre
jeo	PRON	je
deceu	ADP	deceux
en	ADP	en
ceo	DET	ce
qe	SCONJ	que
lui	PRON	lui
ai	VERB	avoir
creu	NOUN	croire
.	PUNCT	.
De	ADP	de
qei	PRON	que
,	PUNCT	,
tresdouz	DET	troudse
Sire	NOUN	seignor
Jesus	PROPN	jesus
Crist	PROPN	crist
,	PUNCT	,
jeo	PRON	je
vous	PRON	vous
crie	NOUN	crier
mercie	NOUN	mercïer
de	ADP	de
tout	DET	tout
moun	DET	mon
coer	NOUN	coer
et	CCONJ	et
vous	PRON	vous
prie	VERB	priier
,	PUNCT	,
beau	ADJ	beau
Sire	NOUN	seignor
Dieux	PROPN	dieu
,	PUNCT	,
qe	SCONJ	que
de	ADP	de
cele	DET	cel
pité	NOUN	pité
dount	PRON	dont
vostre	DET	vostre
douz	ADJ	douz
coer	NOUN	coer
est	VERB	estre
pleyn	ADJ	plein
,	PUNCT	,
q'	SCONJ	que
il	PRON	il
vous	PRON	vous
plese	NOUN	plaire
taunt	ADV	tantou
partir	VERB	partir
ou	CCONJ	ou
moi	PRON	je
qe	SCONJ	que
vous	PRON	vous
,	PUNCT	,
Sire	NOUN	seignor
,	PUNCT	,
eietz	NOUN	aider
mercy	NOUN	merci
de	ADP	de
moi	PRON	je
et	CCONJ	et
me	PRON	je
pardonetz	NOUN	pardoner
mes	DET	mais
maufaitz	VERB	maufait
et	CCONJ	et
moi	PRON	je
donetz	VERB	doner
grace	NOUN	grace
de	ADP	de
vous	PRON	vous
plere	NOUN	plaire
ataunt	VERB	atouder
comme	SCONJ	comme
jeo	PRON	je
vous	PRON	vous
ai	VERB	avoir
despleu	VERB	déplaus
.	PUNCT	.
La	DET	le
seconde	ADJ	second
resoun	NOUN	resousser
si	ADV	si
est	VERB	estre
ceste	DET	cest
,	PUNCT	,
de	ADP	de
qoi	PRON	coi
,	PUNCT	,
Sire	NOUN	seignor
,	PUNCT	,
je	PRON	je
vous	PRON	vous
sui	VERB	estre
tenuz	VERB	tenir
mult	ADV	moult
a	ADP	a
dire	VERB	dire
mercie	NOUN	mercïer
et	CCONJ	et
graunte	ADJ	grant
mercie	NOUN	mercïer
.	PUNCT	.
Beau	PROPN	beau
Sire	NOUN	seignor
Dieux	PROPN	dieu
,	PUNCT	,
jeo	PRON	je
sai	VERB	savoir
comment	ADV	comment
vous	PRON	vous
venistes	VERB	venir
en	ADP	en
terre	NOUN	terre
et	CCONJ	et
preistes	NOUN	prendre
char	NOUN	char
et	CCONJ	et
saunk	VERB	salun
de	ADP	de
la	DET	le
tresbenoite	NOUN	tresenber
virgyn	NOUN	voirgnier
nostre	DET	notre
douce	ADJ	doux
dame	NOUN	dame
seynte	NOUN	saint
Marie	PROPN	marie
et	CCONJ	et
preistes	NOUN	prendre
ensi	ADV	ainsi
nostre	DET	notre
semblaunce	NOUN	semblance
:	PUNCT	:
dount	PRON	dont
,	PUNCT	,
Sire	NOUN	seignor
,	PUNCT	,
vous	PRON	vous
nous	PRON	nous
feistes	VERB	faire
durement	ADV	durement
graunt	ADJ	grant
honour	NOUN	honneur
et	CCONJ	et
a	ADP	a
vous	PRON	vous
sumes	NOUN	sume
mult	ADV	moult
tenuz	VERB	tenir
a	ADP	a
mercier	VERB	mercier
de	ADP	de
touz	DET	tout
nos	PRON	nos
coers	NOUN	coer
et	CCONJ	et
regracier	VERB	regrethir
.	PUNCT	.
Et	CCONJ	et
jeo	PRON	je
pense	NOUN	penser
,	PUNCT	,
Sire	NOUN	seignor
,	PUNCT	,
qe	SCONJ	que
vous	PRON	vous
venistes	VERB	venir
,	PUNCT	,
Sire	NOUN	seignor
,	PUNCT	,
pur	ADP	pour
nous	PRON	nous
touz	DET	tout
resembler	VERB	resembler
si	ADV	si
nous	PRON	nous
touz	DET	tout
le	DET	le
volons	VERB	voloir
,	PUNCT	,
et	CCONJ	et
c'	CCONJ	ce
est	VERB	estre
a	ADP	a
dire	VERB	dire
si	ADV	si
nous	PRON	nous
avons	VERB	avoir
esté	VERB	être
et	CCONJ	et
sumes	NOUN	sume
en	ADP	en
ferme	NOUN	ferme
entencioun	NOUN	entention
d'	ADP	de
estre	VERB	estre
tiels	ADJ	tel
comme	SCONJ	comme
nous	PRON	nous
deusseoms	ADJ	deslous
estre	VERB	estre
;	PUNCT	;
c'	CCONJ	ce
est	VERB	estre
assavoir	VERB	assavoir
net	CCONJ	naistre
de	ADP	de
coer	NOUN	coer
et	CCONJ	et
hors	ADV	hors
de	ADP	de
pecché	NOUN	péché
,	PUNCT	,
humbles	ADJ	humble
,	PUNCT	,
desbonaires	NOUN	desbornable
,	PUNCT	,
merciables	NOUN	merchelier
,	PUNCT	,
pitous	NOUN	pitout
et	CCONJ	et
pleyn	ADJ	plein
de	ADP	de
charité	NOUN	charité
et	CCONJ	et
de	ADP	de
toutes	DET	tout
altres	PRON	autre
bones	ADJ	bon
oevrs	NOUN	ovrir
,	PUNCT	,
et	CCONJ	et
voide	ADJ	voie
de	ADP	de
tous	DET	tout
mals	NOUN	mal
.	PUNCT	.
Et	CCONJ	et
celui	DET	cel
qe	SCONJ	que
serroit	VERB	estre
contraire	ADJ	contraire
,	PUNCT	,
a	ADP	a
qi	PRON	qui
resembleroit	VERB	resembler
?	PUNCT	?
A	ADP	a
celui	DET	cel
qi	PRON	qui
serroit	VERB	estre
a	ADP	a
vous	PRON	vous
contraire	ADJ	contraire
:	PUNCT	:
c'	CCONJ	ce
est	VERB	estre
a	ADP	a
l'	DET	le
ord	NOUN	ord
deable	NOUN	dïable
d'	ADP	de
enfern	NOUN	enfer
,	PUNCT	,
et	CCONJ	et
non	NOUN	nom
pas	NOUN	pas
soulement	ADV	solommer
de	ADP	de
sa	DET	son
liveree	NOUN	livree
,	PUNCT	,
mes	DET	mais
de	ADP	de
sa	DET	son
propre	NOUN	propre
seutte	ADJ	savoir
comme	SCONJ	comme
compaignon	NOUN	compagnon
;	PUNCT	;
qe	SCONJ	que
honye	VERB	honir
soit	VERB	estre
tiele	NOUN	tel
compaignie	NOUN	compagnie
et	CCONJ	et
si	ADV	si
serra	VERB	serrer
ele	PRON	il
:	PUNCT	:
ore	NOUN	ore
se	PRON	se
y	ADV	y
mette	NOUN	mettre
qe	SCONJ	que
vorra	VERB	voroir
.	PUNCT	.
Elas	PROPN	aller
!	PUNCT	!
Bien	NOUN	bien
doit	VERB	devoir
estre	VERB	estre
dolent	ADJ	doler
celui	DET	cel
qi	PRON	qui
en	ADP	en
sa	DET	son
defaute	ADJ	défaute
ad	VERB	avoir
perdu	VERB	perdre
une	DET	un
si	ADV	si
bele	ADJ	bel
semblaunce	NOUN	semblance
comme	SCONJ	comme
d'	ADP	de
un	DET	un
si	ADV	si
bon	ADJ	bon
seignur	NOUN	seigneur
si	ADV	si
vaillaunt	VERB	valoir
,	PUNCT	,
si	ADV	si
douz	ADJ	douz
,	PUNCT	,
si	ADV	si
tres	ADV	très
debonaire	ADJ	debonaire
comme	SCONJ	comme
vous	PRON	vous
estes	VERB	estre
,	PUNCT	,
tresdouz	DET	troudse
Sire	NOUN	seignor
Jesus	PROPN	jesus
Crist	PROPN	crist
.	PUNCT	.
Beau	PROPN	beau
Sire	NOUN	seignor
Dieux	PROPN	dieu
,	PUNCT	,
jeo	PRON	je
sui	VERB	estre
celui	DET	cel
qe	SCONJ	que
me	PRON	je
sui	VERB	estre
mys	VERB	mettre
hors	ADV	hors
de	ADP	de
vostre	DET	vostre
douce	ADJ	doux
semblaunce	NOUN	semblance
;	PUNCT	;
et	CCONJ	et
nient	ADV	néant
contre	ADP	contre
moun	DET	mon
gree	NOUN	greer
,	PUNCT	,
mes	DET	mais
de	ADP	de
ma	DET	mon
propre	NOUN	propre
malveise	ADJ	mauvais
volunté	NOUN	volonté
et	CCONJ	et
jeo	PRON	je
ne	ADV	ne
puisse	VERB	pöoir
mye	ADJ	mie
dire	VERB	dire
qe	SCONJ	que
le	DET	le
deable	NOUN	dïable
par	ADP	par
sa	DET	son
force	NOUN	force
ne	ADV	ne
par	ADP	par
ses	DET	son
engyns	NOUN	engin
le	DET	le
me	PRON	je
fesoit	VERB	faire
faire	VERB	faire
,	PUNCT	,
car	CCONJ	car
jeo	PRON	je
sai	VERB	savoir
bien	NOUN	bien
qe	SCONJ	que
jeo	PRON	je
eusse	VERB	avoir
eu	VERB	avoir
assez	ADV	assez
d'	ADP	de
eide	NOUN	aide
encontre	ADP	encontre
lui	PRON	lui
,	PUNCT	,
si	ADV	si
jeo	PRON	je
vous	PRON	vous
eusse	VERB	avoir
appellee	VERB	appeler
et	CCONJ	et
requis	VERB	requerre
socour	NOUN	soucher
de	ADP	de
bon	ADJ	bon
coer	NOUN	coer
.	PUNCT	.
Par	ADP	par
quoi	PRON	coi
,	PUNCT	,
beau	ADJ	beau
tresdouz	DET	troudse
Sires	NOUN	seignor
Jhesus	PROPN	jesus
,	PUNCT	,
jeo	PRON	je
vous	PRON	vous
crie	NOUN	crier
mercie	NOUN	mercïer
de	ADP	de
tout	DET	tout
moun	DET	mon
coer	NOUN	coer
de	ADP	de
quantqe	SCONJ	cantque
j'	PRON	je
ai	VERB	avoir
devers	ADP	devers
vous	PRON	vous
mespris	NOUN	mesprendre
,	PUNCT	,
puis	NOUN	puis
la	DET	le
houre	NOUN	hour
qe	SCONJ	que
jeo	PRON	je
fu	VERB	estre
nee	VERB	naistre
de	ADP	de
ma	DET	mon
miere	NOUN	mier
,	PUNCT	,
en	ADP	en
fait	VERB	faire
,	PUNCT	,
en	ADP	en
dite	VERB	dire
,	PUNCT	,
et	CCONJ	et
en	ADP	en
pensé	NOUN	penser
,	PUNCT	,
et	CCONJ	et
vous	PRON	vous
prie	VERB	priier
,	PUNCT	,
Sire	NOUN	seignor
,	PUNCT	,
pur	ADP	pour
l'	DET	le
amour	NOUN	amour
de	ADP	de
cele	DET	cel
en	ADP	en
qi	PRON	qui
vous	PRON	vous
preistes	NOUN	prendre
nostre	DET	notre
semblaunce	NOUN	semblance
,	PUNCT	,
qe	SCONJ	que
vous	PRON	vous
me	PRON	je
pardonetz	NOUN	pardoner
mes	DET	mais
pecchés	NOUN	péché
et	CCONJ	et
voillietz	NOUN	vouloir
,	PUNCT	,
trescher	VERB	treschier
Sire	NOUN	seignor
,	PUNCT	,
qe	SCONJ	que
desormes	NOUN	desormer
jeo	PRON	je
vous	PRON	vous
puisse	VERB	pöoir
en	ADP	en
alcunes	ADJ	aucun
choses	NOUN	chose
resembler	VERB	resembler
si	ADV	si
avaunt	ADP	avalon
comme	SCONJ	comme
un	DET	un
si	ADV	si
cheitif	ADJ	chaitif
viande	NOUN	venir
al	ADP.DET	à.le
verm	ADP	verme
poet	VERB	pöoir
resembler	VERB	resembler
a	ADP	a
si	ADV	si
noble	ADJ	noble
Roi	NOUN	roi
comme	SCONJ	comme
le	DET	le
Roi	NOUN	roi
de	ADP	de
cel	DET	cel
,	PUNCT	,
de	ADP	de
la	DET	le
terre	NOUN	terre
,	PUNCT	,
et	CCONJ	et
de	ADP	de
la	DET	le
meer	VERB	mere
et	CCONJ	et
de	ADP	de
quantqe	SCONJ	cantque
en	ADP	en
eux	PRON	eux
sount	VERB	sont
.	PUNCT	.
Et	CCONJ	et
si	ADV	si
j'	PRON	je
ai	VERB	avoir
,	PUNCT	,
tresdouz	DET	troudse
Sires	NOUN	seignor
,	PUNCT	,
pur	ADP	pour
vous	PRON	vous
en	ADP	en
cest	DET	cest
siecle	NOUN	siècle
ascune	VERB	ascue
persecucioun	NOUN	pérronchos
de	ADP	de
corps	NOUN	corps
,	PUNCT	,
d'	ADP	de
avoir	VERB	avoir
ou	CCONJ	ou
d'	ADP	de
amys	NOUN	ami
,	PUNCT	,
ou	CCONJ	ou
en	ADP	en
altre	ADJ	autre
manere	NOUN	mener
qele	DET	quel
qe	SCONJ	que
soit	VERB	estre
,	PUNCT	,
jeo	PRON	je
vous	PRON	vous
prie	VERB	priier
,	PUNCT	,
tresdouz	DET	troudse
Sire	NOUN	seignor
,	PUNCT	,
qe	SCONJ	que
jeo	PRON	je
le	DET	le
puisse	VERB	pöoir
prendre	VERB	prendre
a	ADP	a
gree	NOUN	greer
pur	ADP	pour
l'	DET	le
amour	NOUN	amour
de	ADP	de
vous	PRON	vous
;	PUNCT	;
et	CCONJ	et
la	DET	le
ou	CCONJ	ou
vous	PRON	vous
,	PUNCT	,
Sire	NOUN	seignor
,	PUNCT	,
de	ADP	de
si	ADV	si
bon	ADJ	bon
gree	NOUN	greer
soeffristes	NOUN	souffrir
tauntz	DET	tantout
de	ADP	de
peynes	NOUN	peine
pur	ADP	pour
moi	PRON	je
en	ADP	en
ce	PRON	ce
siecle	NOUN	siècle
,	PUNCT	,
jeo	PRON	je
vous	PRON	vous
prie	VERB	priier
,	PUNCT	,
Sire	NOUN	seignor
,	PUNCT	,
qe	SCONJ	que
jeo	PRON	je
vous	PRON	vous
puisse	VERB	pöoir
resembler	VERB	resembler
en	ADP	en
taunt	ADV	tantou
qe	SCONJ	que
jeo	PRON	je
puisse	VERB	pöoir
trover	VERB	trover
en	ADP	en
moun	DET	mon
dur	NOUN	dur
coer	NOUN	coer
de	ADP	de
soeffrir	VERB	sofrir
pur	ADP	pour
vous	PRON	vous
de	ADP	de
bone	ADJ	bon
volunté	NOUN	volonté
anguises	NOUN	angue
,	PUNCT	,
travailles	NOUN	travaillier
,	PUNCT	,
peynes	NOUN	peine
,	PUNCT	,
tiels	ADJ	tel
comme	SCONJ	comme
il	PRON	il
vous	PRON	vous
plerra	VERB	plaire
,	PUNCT	,
et	CCONJ	et
nient	ADV	néant
soulement	ADV	solommer
pur	ADP	pour
guerdoun	NOUN	guerdonner
avoir	VERB	avoir
ne	ADV	ne
pur	ADP	pour
contrepeser	VERB	contrever
a	ADP	a
les	DET	le
maux	NOUN	mal
qe	SCONJ	que
j'	PRON	je
ai	VERB	avoir
fait	VERB	faire
,	PUNCT	,
mes	DET	mais
tout	DET	tout
entierment	ADV	enterine
pur	ADP	pour
l'	DET	le
amour	NOUN	amour
de	ADP	de
vous	PRON	vous
,	PUNCT	,
ensi	ADV	ainsi
comme	SCONJ	comme
vous	PRON	vous
feistes	VERB	faire
,	PUNCT	,
Sire	NOUN	seignor
,	PUNCT	,
pur	ADP	pour
l'	DET	le
amour	NOUN	amour
de	ADP	de
moi	PRON	je
;	PUNCT	;
et	CCONJ	et
me	PRON	je
donetz	VERB	doner
grace	NOUN	grace
,	PUNCT	,
beau	ADJ	beau
Sire	NOUN	seignor
Dieux	PROPN	dieu
,	PUNCT	,
de	ADP	de
vous	PRON	vous
bien	NOUN	bien
conoistre	VERB	conoistre
et	CCONJ	et
moi	PRON	je
meismes	ADJ	même
auxi	CCONJ	aule
,	PUNCT	,
pur	ADP	pour
vous	PRON	vous
,	PUNCT	,
Sire	NOUN	seignor
,	PUNCT	,
plus	ADV	plus
servir	VERB	servir
,	PUNCT	,
amer	VERB	amer
et	CCONJ	et
douter	VERB	douter
,	PUNCT	,
et	CCONJ	et
moi	PRON	je
meyns	NOUN	moins
preiser	VERB	prendre
,	PUNCT	,
cherir	VERB	chair
et	CCONJ	et
ent	CCONJ	entre
tenir	VERB	tenir
,	PUNCT	,
et	CCONJ	et
qe	SCONJ	que
jeo	PRON	je
vous	PRON	vous
puisse	VERB	pöoir
,	PUNCT	,
Sire	NOUN	seignor
,	PUNCT	,
de	ADP	de
bon	ADJ	bon
coer	NOUN	coer
rendre	VERB	rendre
graces	NOUN	grace
et	CCONJ	et
mercies	NOUN	mercïer
de	ADP	de
quantqe	SCONJ	cantque
vous	PRON	vous
m'	PRON	je
avetz	NOUN	avoir
envoiee	VERB	envoyer
en	ADP	en
ces	DET	ce
siecle	NOUN	siècle
ou	CCONJ	ou
envoieretz	VERB	envoyer
,	PUNCT	,
soit	VERB	estre
il	PRON	il
bien	NOUN	bien
soit	VERB	estre
il	PRON	il
mal	NOUN	mal
,	PUNCT	,
qe	SCONJ	que
jeo	PRON	je
puisse	VERB	pöoir
tout	DET	tout
prendre	VERB	prendre
en	ADP	en
gree	NOUN	greer
par	ADP	par
vostre	DET	vostre
seyntisme	NOUN	saintime
grace	NOUN	grace
.	PUNCT	.
La	DET	le
tierce	NOUN	tierce
resoun	NOUN	resousser
,	PUNCT	,
tresdouz	DET	troudse
Sires	NOUN	seignor
,	PUNCT	,
n'	ADV	ne
est	VERB	estre
mie	ADV	mie
petite	ADJ	petit
pur	ADP	pour
qoi	PRON	coi
jeo	PRON	je
sui	VERB	estre
bien	NOUN	bien
tenuz	VERB	tenir
a	ADP	a
dire	VERB	dire
mercie	NOUN	mercïer
et	CCONJ	et
graunte	ADJ	grant
mercie	NOUN	mercïer
,	PUNCT	,
et	CCONJ	et
ceo	DET	ce
ne	ADV	ne
mye	ADJ	mie
tant	ADV	tant
soulement	ADV	solommer
de	ADP	de
bouche	NOUN	bouche
,	PUNCT	,
mes	DET	mais
entierment	ADV	enterine
de	ADP	de
coer	NOUN	coer
et	CCONJ	et
de	ADP	de
bouche	NOUN	bouche
,	PUNCT	,
et	CCONJ	et
ceo	DET	ce
mult	ADV	moult
sovent	ADJ	sovent
:	PUNCT	:
c'	CCONJ	ce
est	VERB	estre
del	ADP.DET	de.le
languisouse	ADJ	languelos
mort	NOUN	mort
,	PUNCT	,
douz	ADJ	douz
Sire	NOUN	seignor
,	PUNCT	,
qe	SCONJ	que
vous	PRON	vous
plust	ADV	plus
a	ADP	a
soeffrir	VERB	sofrir
pur	ADP	pour
moi	PRON	je
.	PUNCT	.
Jeo	PRON	je
ose	VERB	oser
bien	NOUN	bien
dire	VERB	dire
pur	ADP	pour
moi	PRON	je
,	PUNCT	,
car	CCONJ	car
jeo	PRON	je
sai	VERB	savoir
bien	NOUN	bien
,	PUNCT	,
Sire	NOUN	seignor
,	PUNCT	,
qe	SCONJ	que
vous	PRON	vous
morustes	ADJ	morset
plus	ADV	plus
pur	ADP	pour
les	DET	le
peccheours	NOUN	pechechor
qe	SCONJ	que
pur	ADP	pour
les	DET	le
bons	ADJ	bon
et	CCONJ	et
jeo	PRON	je
sui	VERB	estre
,	PUNCT	,
Sire	NOUN	seignor
,	PUNCT	,
un	DET	un
de	ADP	de
ces	DET	ce
malveis	ADJ	mauvais
peccheours	NOUN	pechechor
et	CCONJ	et
de	ADP	de
touz	DET	tout
le	DET	le
plus	ADV	plus
ord	NOUN	ord
,	PUNCT	,
par	ADP	par
qoi	PRON	coi
jeo	PRON	je
sui	VERB	estre
,	PUNCT	,
las	ADJ	las
,	PUNCT	,
cheitif	ADJ	chaitif
et	CCONJ	et
malveis	ADJ	mauvais
traitre	VERB	traire
,	PUNCT	,
q'	SCONJ	que
est	VERB	estre
la	DET	le
principale	NOUN	principal
cause	NOUN	cause
de	ADP	de
la	DET	le
vileyne	NOUN	vilement
mort	NOUN	mort
de	ADP	de
son	DET	son
bon	ADJ	bon
seignur	NOUN	seigneur
;	PUNCT	;
lui	PRON	lui
doi	NOUN	devoir
jeo	PRON	je
donqes	ADV	donc
bien	NOUN	bien
dire	VERB	dire
et	CCONJ	et
par	ADP	par
grant	ADJ	grant
poour	NOUN	pour
:	PUNCT	:
«	PUNCT	"
A	ADP	a
!	PUNCT	!
redoutee	VERB	redouter
Sires	NOUN	seignor
,	PUNCT	,
mercies	NOUN	mercïer
»	PUNCT	"
et	CCONJ	et
d'	ADP	de
altre	ADJ	autre
part	NOUN	part
,	PUNCT	,
bien	NOUN	bien
grantes	ADJ	grant
mercies	NOUN	mercïer
,	PUNCT	,
quant	SCONJ	cant
il	PRON	il
lui	PRON	lui
pleust	ADJ	plaire
tant	ADV	tant
soeffrir	VERB	sofrir
pur	ADP	pour
moi	PRON	je
.	PUNCT	.
Certes	ADV	certes
oïl	NOUN	öil
,	PUNCT	,
car	CCONJ	car
jeo	PRON	je
croi	NOUN	croire
,	PUNCT	,
s'	DET	soi
il	PRON	il
pout	VERB	pouvoir
plus	ADV	plus
avoir	VERB	avoir
fait	VERB	faire
,	PUNCT	,
q'	SCONJ	que
il	PRON	il
eust	VERB	avoir
fait	VERB	faire
,	PUNCT	,
mes	DET	mais
nul	DET	nul
ne	ADV	ne
purroit	VERB	pouvoir
plus	ADV	plus
ne	ADV	ne
taunt	ADV	tantou
deviseer	VERB	deviser
ne	ADV	ne
comment	ADV	comment
il	PRON	il
plus	ADV	plus
overtement	NOUN	ovreté
nous	PRON	nous
purroit	VERB	pouvoir
moustreer	VERB	mourtreuste
l'	DET	le
amour	NOUN	amour
q'	SCONJ	que
il	PRON	il
avoit	VERB	avoir
a	ADP	a
nous	PRON	nous
,	PUNCT	,
et	CCONJ	et
le	DET	le
desire	VERB	desirrer
q'	SCONJ	que
il	PRON	il
ad	VERB	avoir
pur	ADP	pour
avoir	VERB	avoir
nostre	DET	notre
cheitif	ADJ	chaitif
amour	NOUN	amour
.	PUNCT	.
Et	CCONJ	et
pur	ADP	pour
tout	DET	tout
cela	DET	cela
si	ADV	si
un	DET	un
soit	VERB	estre
qe	SCONJ	que
ne	ADV	ne
poet	VERB	pöoir
pas	NOUN	pas
trover	VERB	trover
en	ADP	en
soun	DET	son
dur	NOUN	dur
coer	NOUN	coer
malveis	ADJ	mauvais
d'	ADP	de
amer	VERB	amer
Celui	DET	cel
qe	SCONJ	que
lui	PRON	lui
ad	VERB	avoir
si	ADV	si
chier	ADJ	chier
achaté	VERB	achater
,	PUNCT	,
et	CCONJ	et
voit	VERB	vëoir
touz	DET	tout
les	DET	le
jours	NOUN	jour
et	CCONJ	et
conoit	VERB	conoittre
,	PUNCT	,
pur	ADP	pour
ceo	DET	ce
qe	SCONJ	que
le	DET	le
douz	ADJ	douz
Seignur	NOUN	seigneur
lui	PRON	lui
envoie	VERB	envoiier
,	PUNCT	,
q'	SCONJ	que
il	PRON	il
est	VERB	estre
tutdiz	DET	totir
ausi	ADV	aussi
entierment	ADV	enterine
desiraunt	VERB	desirrer
d'	ADP	de
avoir	VERB	avoir
s'	DET	soi
amour	NOUN	amour
comme	SCONJ	comme
il	PRON	il
feust	VERB	être
unqes	DET	onque
mes	DET	mais
.	PUNCT	.
Car	CCONJ	car
pur	ADP	pour
qoi	PRON	coi
lui	PRON	lui
envoieroit	VERB	envoyer
il	PRON	il
tant	ADV	tant
de	ADP	de
biens	NOUN	bien
comme	SCONJ	comme
il	PRON	il
fait	VERB	faire
et	CCONJ	et
si	ADV	si
entierement	ADV	entièrement
le	DET	le
garde	NOUN	garde
,	PUNCT	,
de	ADP	de
nuyt	NOUN	nuit
et	CCONJ	et
de	ADP	de
jour	NOUN	jour
,	PUNCT	,
de	ADP	de
meynt	ADJ	metre
mal	NOUN	mal
et	CCONJ	et
de	ADP	de
meynt	ADJ	metre
peril	NOUN	peril
dount	PRON	dont
il	PRON	il
sovent	ADJ	sovent
ne	ADV	ne
siet	VERB	sëoir
riens	NOUN	rien
ne	ADV	ne
jammes	NOUN	jamme
ne	ADV	ne
savera	VERB	savoir
,	PUNCT	,
et	CCONJ	et
en	ADP	en
ceo	DET	ce
piert	NOUN	peire
bien	NOUN	bien
le	DET	le
graunt	ADJ	grant
amour	NOUN	amour
q'	SCONJ	que
il	PRON	il
y	ADV	y
a	ADP	a
et	CCONJ	et
qe	SCONJ	que
touz	DET	tout
jours	NOUN	jour
veut	VERB	vouloir
il	PRON	il
son	DET	son
preu	ADJ	pro
,	PUNCT	,
ne	ADV	ne
ait	VERB	avoir
il	PRON	il
ja	ADV	ja
si	ADV	si
poi	NOUN	pöoir
de	ADP	de
gree	NOUN	greer
.	PUNCT	.
Alas	PROPN	aller
!	PUNCT	!
Alas	PROPN	aller
!	PUNCT	!
tresdouz	DET	troudse
Sire	NOUN	seignor
Jesus	PROPN	jesus
Crist	PROPN	crist
,	PUNCT	,
jeo	PRON	je
sui	VERB	estre
celui	DET	cel
malveis	ADJ	mauvais
desloiaux	ADJ	deslouier
traitres	NOUN	traire
qi	PRON	qui
s'	DET	soi
est	VERB	estre
si	ADV	si
tresmalement	NOUN	tresmeler
portee	NOUN	porter
envers	ADP	envers
vous	PRON	vous
,	PUNCT	,
moun	DET	mon
tresdouz	DET	troudse
Seignur	NOUN	seigneur
,	PUNCT	,
qe	SCONJ	que
tant	ADV	tant
avetz	NOUN	avoir
fait	VERB	faire
pur	ADP	pour
l'	DET	le
amour	NOUN	amour
de	ADP	de
moi	PRON	je
cheitif	ADJ	chaitif
qe	SCONJ	que
,	PUNCT	,
tout	DET	tout
ne	ADV	ne
deise	NOUN	dire
jeo	PRON	je
autre	ADJ	autre
chose	NOUN	chose
jammes	NOUN	jamme
fors	ADV	fors
«	PUNCT	"
Beau	PROPN	beau
Sire	NOUN	seignor
,	PUNCT	,
mercie	NOUN	mercïer
et	CCONJ	et
graunte	ADJ	grant
mercie	NOUN	mercïer
,	PUNCT	,
»	PUNCT	"
et	CCONJ	et
deusse	VERB	devoir
touz	DET	tout
jours	NOUN	jour
vivre	VERB	vivre
,	PUNCT	,
si	ADV	si
ne	ADV	ne
purroi	VERB	pouvoir
jeo	PRON	je
mye	ADJ	mie
d'	ADP	de
asseez	NOUN	assez
purpaier	VERB	prospérip
ma	DET	mon
dette	NOUN	dette
.	PUNCT	.
Et	CCONJ	et
,	PUNCT	,
douz	ADJ	douz
Sire	NOUN	seignor
,	PUNCT	,
vous	PRON	vous
espandistes	NOUN	espandre
vostre	DET	vostre
precious	ADJ	preciol
sank	NOUN	sang
en	ADP	en
la	DET	le
croice	NOUN	croce
ou	CCONJ	ou
vous	PRON	vous
pendistes	NOUN	pendre
,	PUNCT	,
et	CCONJ	et
si	ADV	si
tresgreves	NOUN	tressardre
peynes	NOUN	peine
soeffristes	NOUN	souffrir
qe	SCONJ	que
al	ADP.DET	à.le
darreyn	ADJ	derrain
morir	VERB	morir
vous	PRON	vous
covient	VERB	covenir
.	PUNCT	.
Et	CCONJ	et
tout	DET	tout
ceo	DET	ce
cy	ADV	ci
,	PUNCT	,
beau	ADJ	beau
Sire	NOUN	seignor
Dieux	PROPN	dieu
,	PUNCT	,
estoit	VERB	estre
pur	ADP	pour
l'	DET	le
amour	NOUN	amour
qe	SCONJ	que
vous	PRON	vous
avietz	VERB	avié
a	ADP	a
nous	PRON	nous
et	CCONJ	et
pur	ADP	pour
l'	DET	le
amour	NOUN	amour
qe	SCONJ	que
vous	PRON	vous
desiretz	VERB	desirrer
d'	ADP	de
avoir	VERB	avoir
de	ADP	de
nous	PRON	nous
si	ADV	si
comme	SCONJ	comme
j'	PRON	je
ai	VERB	avoir
pardevant	NOUN	parfaite
dit	VERB	dire
.	PUNCT	.
Mes	CCONJ	mais
uncore	ADV	oncorer
ad	VERB	avoir
il	PRON	il
une	DET	un
autre	ADJ	autre
resoun	NOUN	resousser
de	ADP	de
qoi	PRON	coi
jeo	PRON	je
sui	VERB	estre
moelt	NOUN	moulet
endetté	NOUN	endeter
de	ADP	de
rendre	VERB	rendre
graces	NOUN	grace
et	CCONJ	et
merciz	NOUN	merci
,	PUNCT	,
et	CCONJ	et
de	ADP	de
tresparfound	NOUN	tresparder
coer	NOUN	coer
crier	VERB	crïer
mercie	NOUN	mercïer
.	PUNCT	.
Car	CCONJ	car
la	DET	le
ou	CCONJ	ou
jeo	PRON	je
estoi	VERB	estre
perdu	VERB	perdre
et	CCONJ	et
en	ADP	en
prisoun	NOUN	prison
sanz	ADP	sans
fyn	NOUN	fin
et	CCONJ	et
sanz	ADP	sans
nul	DET	nul
remede	VERB	remete
,	PUNCT	,
tresdouz	DET	troudse
Sires	NOUN	seignor
,	PUNCT	,
vous	PRON	vous
me	PRON	je
rechatastes	NOUN	recestacher
si	ADV	si
cher	ADJ	cher
comme	SCONJ	comme
du	ADP.DET	de.le
sank	NOUN	sang
de	ADP	de
vostre	DET	vostre
douz	ADJ	douz
coer	NOUN	coer
debonair	VERB	debonaire
a	ADP	a
si	ADV	si
tresgraunte	NOUN	restrange
fuisoun	NOUN	fuir
qe	SCONJ	que
nient	ADV	néant
une	DET	un
soule	ADJ	sol
goute	NOUN	goute
ne	ADV	ne
remist	VERB	remettre
,	PUNCT	,
qe	SCONJ	que
tout	DET	tout
ne	ADV	ne
s'	DET	soi
en	ADP	en
sailli	VERB	salir
mult	ADV	moult
haboundanment	ADV	abondarner
et	CCONJ	et
par	ADP	par
graunt	ADJ	grant
russeaux	NOUN	résuler
mult	ADV	moult
ferement	NOUN	fermer
.	PUNCT	.
Beau	PROPN	beau
Sire	NOUN	seignor
Dieux	PROPN	dieu
,	PUNCT	,
comme	SCONJ	comme
graunte	ADJ	grant
chose	NOUN	chose
ceo	DET	ce
deveroit	VERB	devoir
bien	NOUN	bien
reymbre	NOUN	rembrement
par	ADP	par
une	DET	un
si	ADV	si
graunte	ADJ	grant
et	CCONJ	et
si	ADV	si
noble	ADJ	noble
raunceon	NOUN	roncencier
,	PUNCT	,
bien	NOUN	bien
sui	VERB	estre
jeo	PRON	je
tenuz	VERB	tenir
a	ADP	a
vous	PRON	vous
,	PUNCT	,
tresdouz	DET	troudse
Sires	NOUN	seignor
,	PUNCT	,
mercier	VERB	mercier
de	ADP	de
entier	ADJ	entier
coer	NOUN	coer
et	CCONJ	et
sovent	ADJ	sovent
.	PUNCT	.
Et	CCONJ	et
qe	SCONJ	que
dirroit	VERB	dire
homme	NOUN	homme
qe	SCONJ	que
si	ADV	si
entre	ADP	entre
autres	PRON	autre
un	DET	un
feust	VERB	être
si	ADV	si
malveis	ADJ	mauvais
qe	SCONJ	que
pur	ADP	pour
toute	DET	tout
cele	DET	cel
graunte	ADJ	grant
et	CCONJ	et
outrageouse	NOUN	outroaus
ranceon	NOUN	ranconer
paiee	VERB	paie
,	PUNCT	,
apres	ADV	après
il	PRON	il
s'	DET	soi
est	VERB	estre
obligez	VERB	obliger
en	ADP	en
prison	NOUN	prison
ariere	NOUN	arrière
et	CCONJ	et
de	ADP	de
son	DET	son
bon	ADJ	bon
gree	NOUN	greer
?	PUNCT	?
Bien	NOUN	bien
est	VERB	estre
il	PRON	il
mescheaunt	VERB	meschëoir
et	CCONJ	et
sotz	VERB	satre
et	CCONJ	et
hors	ADV	hors
de	ADP	de
sens	NOUN	sens
.	PUNCT	.
Tresdouz	PROPN	trefout
Sires	NOUN	seignor
,	PUNCT	,
ceo	DET	ce
sui	VERB	estre
jeo	PRON	je
uncore	ADV	oncorer
a	ADP	a
qi	PRON	qui
riens	NOUN	rien
ne	ADV	ne
poet	VERB	pöoir
valoir	VERB	valoir
voz	DET	vostre
dures	ADJ	dur
peynes	NOUN	peine
,	PUNCT	,
vostre	DET	vostre
sank	NOUN	sang
precious	ADJ	preciol
ne	ADV	ne
vostre	DET	vostre
hontouse	ADJ	hontoson
mort	NOUN	mort
,	PUNCT	,
ne	ADV	ne
riens	NOUN	rien
,	PUNCT	,
Sires	NOUN	seignor
,	PUNCT	,
qe	SCONJ	que
unqes	DET	onque
fistes	NOUN	faire
pur	ADP	pour
moi	PRON	je
.	PUNCT	.
Car	CCONJ	car
jeo	PRON	je
ne	ADV	ne
sui	VERB	estre
poynt	VERB	point
par	ADP	par
cela	DET	cela
hors	ADV	hors
ne	ADV	ne
delivres	ADJ	delivre
;	PUNCT	;
mes	DET	mais
a	ADP	a
qi	PRON	qui
tient	VERB	tenir
?	PUNCT	?
Certes	ADV	certes
,	PUNCT	,
Sire	NOUN	seignor
,	PUNCT	,
a	ADP	a
moi	PRON	je
meismes	ADJ	même
,	PUNCT	,
car	CCONJ	car
jeo	PRON	je
me	PRON	je
sui	VERB	estre
puys	NOUN	puis
myent	ADJ	mient
foiZe	NOUN	foise
par	ADP	par
dit	VERB	dire
,	PUNCT	,
par	ADP	par
fait	VERB	faire
,	PUNCT	,
par	ADP	par
pensee	NOUN	penser
et	CCONJ	et
par	ADP	par
ma	DET	mon
propre	NOUN	propre
volunté	NOUN	volonté
sanz	ADP	sans
destresce	NOUN	destrece
nule	DET	nul
et	CCONJ	et
tout	DET	tout
a	ADP	a
escient	VERB	escïent
,	PUNCT	,
rendu	VERB	rendre
ariere	NOUN	arrière
en	ADP	en
la	DET	le
puneise	NOUN	ponsite
prison	NOUN	prison
d'	ADP	de
enfern	NOUN	enfer
.	PUNCT	.
Et	CCONJ	et
,	PUNCT	,
Sire	NOUN	seignor
,	PUNCT	,
la	DET	le
vostre	DET	vostre
mercy	NOUN	merci
,	PUNCT	,
vous	PRON	vous
avetz	NOUN	avoir
fait	VERB	faire
ceo	DET	ce
qui	PRON	qui
en	ADP	en
vous	PRON	vous
est	VERB	estre
de	ADP	de
me	PRON	je
ent	CCONJ	entre
getter	VERB	jeter
,	PUNCT	,
et	CCONJ	et
jeo	PRON	je
mescheaunt	VERB	meschëoir
ai	VERB	avoir
d'	ADP	de
autre	ADJ	autre
part	NOUN	part
fait	VERB	faire
tout	DET	tout
ceo	DET	ce
q'	SCONJ	que
en	ADP	en
moi	PRON	je
est	VERB	estre
a	ADP	a
y	ADV	y
demorer	VERB	demorer
sanz	ADP	sans
fyn	NOUN	fin
et	CCONJ	et
vous	PRON	vous
faire	VERB	faire
perdre	VERB	perdre
cel	DET	cel
sank	NOUN	sang
,	PUNCT	,
cel	DET	cel
peyne	NOUN	peine
et	CCONJ	et
cel	DET	cel
mort	NOUN	mort
.	PUNCT	.
Ore	NOUN	or
sui	VERB	estre
jeo	PRON	je
maubailli	VERB	maulain
si	ADV	si
jeo	PRON	je
n'	ADV	ne
ai	VERB	avoir
grace	NOUN	grace
de	ADP	de
vous	PRON	vous
,	PUNCT	,
tresdouz	DET	troudse
Sire	NOUN	seignor
,	PUNCT	,
qe	SCONJ	que
jeo	PRON	je
puisse	VERB	pöoir
estre	VERB	estre
bien	NOUN	bien
dolent	ADJ	doler
de	ADP	de
mes	DET	mais
pecchés	NOUN	péché
et	CCONJ	et
verrai	VERB	vëoir
repentaunt	VERB	repenter
parfitement	ADV	parfoit
de	ADP	de
coer	NOUN	coer
,	PUNCT	,
si	ADV	si
qe	SCONJ	que
jeo	PRON	je
soie	NOUN	estre
de	ADP	de
tant	ADV	tant
plus	ADV	plus
hardys	ADJ	hardi
de	ADP	de
vous	PRON	vous
,	PUNCT	,
Sire	NOUN	seignor
,	PUNCT	,
crier	VERB	crïer
mercy	NOUN	merci
de	ADP	de
entier	ADJ	entier
coer	NOUN	coer
,	PUNCT	,
et	CCONJ	et
tant	ADV	tant
qe	SCONJ	que
vous	PRON	vous
en	ADP	en
puissetz	ADJ	pöoir
pité	NOUN	pité
prendre	VERB	prendre
dont	PRON	dont
vous	PRON	vous
en	ADP	en
estes	VERB	estre
pleyn	ADJ	plein
,	PUNCT	,
douz	ADJ	douz
Sire	NOUN	seignor
,	PUNCT	,
a	ADP	a
nostre	DET	notre
busoigne	NOUN	boushagne
,	PUNCT	,
qe	SCONJ	que
de	ADP	de
vostre	DET	vostre
douce	ADJ	doux
miere	NOUN	mier
et	CCONJ	et
de	ADP	de
touz	DET	tout
vos	PRON	vos
seyntz	NOUN	saint
soietz	ADJ	soiter
vous	PRON	vous
benoit	VERB	benoiier
,	PUNCT	,
regraciez	VERB	regrettre
et	CCONJ	et
loez	VERB	louer
.	PUNCT	.
Un	DET	un
homme	NOUN	homme
qi	PRON	qui
seroit	VERB	estre
durement	ADV	durement
naufrez	VERB	naufrer
de	ADP	de
grandes	ADJ	grand
plaies	NOUN	plaie
deqes	ADP	de.le
a	ADP	a
la	DET	le
mort	NOUN	mort
,	PUNCT	,
il	PRON	il
ne	ADV	ne
serroit	VERB	estre
mie	ADV	mie
sage	ADJ	sage
s'	DET	soi
il	PRON	il
tardoit	VERB	tarder
trop	ADV	trop
a	ADP	a
lui	PRON	lui
quere	VERB	querre
tiel	ADJ	tel
myre	NOUN	mire
qe	SCONJ	que
lui	PRON	lui
purroit	VERB	pouvoir
ses	DET	son
plaies	NOUN	plaie
garrir	VERB	garir
.	PUNCT	.
Et	CCONJ	et
si	ADV	si
l'	DET	le
omme	NOUN	homme
est	VERB	estre
poure	NOUN	pour
et	CCONJ	et
la	DET	le
medicine	NOUN	midicande
chiere	NOUN	chier
,	PUNCT	,
c'	CCONJ	ce
est	VERB	estre
trop	ADV	trop
fort	ADJ	fort
si	ADV	si
lui	PRON	lui
meistres	NOUN	maistre
ne	ADV	ne
soit	VERB	estre
si	ADV	si
curtois	ADJ	courtois
q'	SCONJ	que
il	PRON	il
le	DET	le
voille	NOUN	voloir
garrir	VERB	garir
sanz	ADP	sans
plus	ADV	plus
prendre	VERB	prendre
de	ADP	de
soen	ADJ	estre
forsqe	NOUN	fors
soulement	ADV	solommer
grant	ADJ	grant
mercy	NOUN	merci
,	PUNCT	,
mes	DET	mais
qe	SCONJ	que
ceo	DET	ce
soit	VERB	estre
de	ADP	de
bon	ADJ	bon
coer	NOUN	coer
;	PUNCT	;
car	CCONJ	car
de	ADP	de
tiele	NOUN	tel
monoye	NOUN	monoie
covient	VERB	covenir
paier	VERB	payer
ceaux	ADJ	cela
qe	SCONJ	que
les	DET	le
grantz	ADJ	grant
merciz	NOUN	merci
sanz	ADP	sans
plus	ADV	plus
coveitent	VERB	coventir
.	PUNCT	.
Et	CCONJ	et
s'	DET	soi
il	PRON	il
par	ADP	par
tant	ADV	tant
le	DET	le
voillet	VERB	voloir
faire	VERB	faire
,	PUNCT	,
lui	PRON	lui
poures	NOUN	pouvoir
homme	NOUN	homme
est	VERB	estre
mult	ADV	moult
tenuz	VERB	tenir
a	ADP	a
cest	DET	cest
curtois	ADJ	courtois
mestre	NOUN	maistre
,	PUNCT	,
car	CCONJ	car
par	ADP	par
nule	DET	nul
finance	NOUN	finance
ne	ADV	ne
purroit	VERB	pouvoir
il	PRON	il
avesnir	VERB	avenir
a	ADP	a
si	ADV	si
chere	NOUN	cher
medicine	NOUN	midicande
;	PUNCT	;
et	CCONJ	et
,	PUNCT	,
s'	DET	soi
il	PRON	il
ne	ADV	ne
l'	DET	le
ad	VERB	avoir
,	PUNCT	,
il	PRON	il
est	VERB	estre
mort	NOUN	mort
sanz	ADP	sans
doute	ADJ	doute
.	PUNCT	.
A	ADP	a
!	PUNCT	!
tresdouz	DET	troudse
Sire	NOUN	seignor
Jesus	PROPN	jesus
Crist	PROPN	crist
,	PUNCT	,
jeo	PRON	je
sui	VERB	estre
celui	DET	cel
poures	NOUN	pouvoir
et	CCONJ	et
nu	ADJ	nu
de	ADP	de
touz	DET	tout
biens	NOUN	bien
qi	PRON	qui
sui	VERB	estre
mult	ADV	moult
durement	ADV	durement
naufrez	VERB	naufrer
de	ADP	de
sept	ADJ	sept
si	ADV	si
ordes	NOUN	ordre
et	CCONJ	et
si	ADV	si
perillouses	ADJ	perillos
plaies	NOUN	plaie
qe	SCONJ	que
jeo	PRON	je
n'	ADV	ne
atenk	VERB	atance
forsqe	NOUN	fors
la	DET	le
mort	NOUN	mort
,	PUNCT	,
voir	ADJ	voir
voir	ADJ	voir
la	DET	le
male	ADJ	mal
mort	NOUN	mort
,	PUNCT	,
si	ADV	si
jeo	PRON	je
n'	ADV	ne
ai	VERB	avoir
le	DET	le
plus	ADV	plus
tost	DET	tost
confort	NOUN	confort
et	CCONJ	et
eide	NOUN	aide
de	ADP	de
bon	ADJ	bon
meistre	ADJ	maistre
-	PUNCT	-
ceo	DET	ce
estes	VERB	estre
vous	PRON	vous
,	PUNCT	,
beau	ADJ	beau
Sire	NOUN	seignor
Dieux	PROPN	dieu
,	PUNCT	,
q'	SCONJ	que
estes	VERB	estre
myre	NOUN	mire
et	CCONJ	et
medicine	NOUN	midicande
et	CCONJ	et
refut	VERB	restre
a	ADP	a
touz	DET	tout
ceaux	ADJ	cela
qe	SCONJ	que
vous	PRON	vous
querent	VERB	querre
de	ADP	de
bon	ADJ	bon
coer	NOUN	coer
.	PUNCT	.
Et	CCONJ	et
puis	NOUN	puis
qe	SCONJ	que
jeo	PRON	je
sui	VERB	estre
,	PUNCT	,
Sire	NOUN	seignor
,	PUNCT	,
si	ADV	si
poure	NOUN	pour
de	ADP	de
touz	DET	tout
biens	NOUN	bien
et	CCONJ	et
mes	DET	mais
plaies	NOUN	plaie
sont	VERB	estre
si	ADV	si
perillouses	ADJ	perillos
,	PUNCT	,
si	ADV	si
horribles	NOUN	horrible
,	PUNCT	,
si	ADV	si
pleynes	NOUN	plein
de	ADP	de
venym	VERB	venir
pur	ADP	pour
purture	NOUN	pourture
de	ADP	de
vileyne	NOUN	vilement
ordure	NOUN	ordure
puant	VERB	pouvoir
,	PUNCT	,
qe	SCONJ	que
c'	CCONJ	ce
est	VERB	estre
honte	NOUN	honte
trop	ADV	trop
grant	ADJ	grant
de	ADP	de
ent	CCONJ	entre
parler	VERB	parler
ou	CCONJ	ou
de	ADP	de
ent	CCONJ	entre
enquere	VERB	enquerre
ou	CCONJ	ou
soulement	ADV	solommer
penser	VERB	penser
,	PUNCT	,
A	ADP	a
!	PUNCT	!
beau	ADJ	beau
Sire	NOUN	seignor
Dieux	PROPN	dieu
,	PUNCT	,
coment	VERB	comment
serroi	NOUN	serroir
jeo	PRON	je
donc	ADV	donc
si	ADV	si
hardi	ADJ	hardi
qe	SCONJ	que
jeo	PRON	je
les	DET	le
vous	PRON	vous
moustre	NOUN	moustre
?	PUNCT	?
Trois	DET	trois
choses	NOUN	chose
le	DET	le
me	PRON	je
fra	VERB	frair
faire	VERB	faire
:	PUNCT	:
l'	DET	le
une	DET	un
est	VERB	estre
,	PUNCT	,
Sire	NOUN	seignor
,	PUNCT	,
qe	SCONJ	que
jeo	PRON	je
sai	VERB	savoir
bien	NOUN	bien
q'	SCONJ	que
omme	NOUN	homme
ne	ADV	ne
poet	VERB	pöoir
riens	NOUN	rien
celer	VERB	celer
,	PUNCT	,
car	CCONJ	car
vous	PRON	vous
le	DET	le
savetz	NOUN	savoir
.	PUNCT	.
La	DET	le
seconde	ADJ	second
,	PUNCT	,
qe	SCONJ	que
moustrer	VERB	moustroy
me	PRON	je
covient	VERB	covenir
,	PUNCT	,
ou	CCONJ	ou
de	ADP	de
male	ADJ	mal
morte	VERB	morir
morir	VERB	morir
.	PUNCT	.
La	DET	le
tierce	NOUN	tierce
chose	NOUN	chose
est	VERB	estre
qe	SCONJ	que
nul	DET	nul
ne	ADV	ne
me	PRON	je
poet	VERB	pöoir
eider	VERB	aidier
forsqe	NOUN	fors
vous	PRON	vous
,	PUNCT	,
et	CCONJ	et
jeo	PRON	je
m'	PRON	je
affie	NOUN	affier
,	PUNCT	,
tresdouz	DET	troudse
Sire	NOUN	seignor
,	PUNCT	,
en	ADP	en
vostre	DET	vostre
grante	ADJ	grant
bontee	NOUN	bonter
,	PUNCT	,
pitee	NOUN	pite
et	CCONJ	et
mercie	NOUN	mercïer
.	PUNCT	.
Ore	NOUN	or
,	PUNCT	,
Sire	NOUN	seignor
,	PUNCT	,
s'	DET	soi
il	PRON	il
vous	PRON	vous
plest	NOUN	plaire
,	PUNCT	,
jeo	PRON	je
vous	PRON	vous
moustrerai	VERB	mourittre
mes	DET	mais
plaies	NOUN	plaie
qe	SCONJ	que
sont	VERB	estre
sept	ADJ	sept
:	PUNCT	:
La	DET	le
primere	NOUN	primer
est	VERB	estre
l'	DET	le
oraille	NOUN	oraille
.	PUNCT	.
La	DET	le
seconde	ADJ	second
l'	DET	le
oil	NOUN	oui
.	PUNCT	.
La	DET	le
tierce	NOUN	tierce
le	DET	le
nies	NOUN	neuf
.	PUNCT	.
La	DET	le
quarte	ADJ	cart
la	DET	le
bouche	NOUN	bouche
.	PUNCT	.
La	DET	le
quinte	ADJ	quinter
la	DET	le
mayn	NOUN	main
.	PUNCT	.
La	DET	le
sisme	VERB	sisme
le	DET	le
piee	NOUN	piee
.	PUNCT	.
La	DET	le
septisme	ADJ	septime
le	DET	le
coer	NOUN	coer
.	PUNCT	.
Et	CCONJ	et
uncore	ADV	oncorer
a	ADP	a
dire	VERB	dire
generaument	NOUN	genoirement
,	PUNCT	,
tout	DET	tout
le	DET	le
corps	NOUN	corps
si	ADV	si
est	VERB	estre
pleyne	ADJ	plein
des	ADP.DET	de.le
plaies	NOUN	plaie
,	PUNCT	,
et	CCONJ	et
les	DET	le
avantdites	NOUN	avantir
plaies	NOUN	plaie
sont	VERB	estre
si	ADV	si
pleines	NOUN	plein
de	ADP	de
touz	DET	tout
les	DET	le
sept	ADJ	sept
mortels	ADJ	mortel
pecchés	NOUN	péché
et	CCONJ	et
de	ADP	de
veniaux	NOUN	venir
,	PUNCT	,
qe	SCONJ	que
j'	PRON	je
ai	VERB	avoir
mult	ADV	moult
graunte	ADJ	grant
doute	ADJ	doute
,	PUNCT	,
forsqe	NOUN	fors
par	ADP	par
tant	ADV	tant
qe	SCONJ	que
jeo	PRON	je
m'	PRON	je
affie	NOUN	affier
et	CCONJ	et
assure	NOUN	saire
en	ADP	en
la	DET	le
grant	ADJ	grant
curtoisie	NOUN	courtoisie
de	ADP	de
vous	PRON	vous
,	PUNCT	,
beau	ADJ	beau
Mestre	NOUN	maistre
,	PUNCT	,
qe	SCONJ	que
vous	PRON	vous
,	PUNCT	,
si	ADV	si
vous	PRON	vous
plest	NOUN	plaire
,	PUNCT	,
me	PRON	je
aideretz	NOUN	aidiere
a	ADP	a
tout	DET	tout
garrir	VERB	garir
.	PUNCT	.
Et	CCONJ	et
si	ADV	si
ensi	ADV	ainsi
soit	VERB	estre
qe	SCONJ	que
mes	DET	mais
plaies	NOUN	plaie
puent	VERB	pouvoir
sur	ADP	sur
vous	PRON	vous
,	PUNCT	,
pur	ADP	pour
ceo	DET	ce
,	PUNCT	,
Sire	NOUN	seignor
,	PUNCT	,
ne	ADV	ne
voillietz	NOUN	vouloir
mye	ADJ	mie
turner	VERB	turner
la	DET	le
face	VERB	faire
de	ADP	de
moy	PRON	moi
,	PUNCT	,
car	CCONJ	car
jeo	PRON	je
serrai	VERB	serrer
donqes	ADV	donc
de	ADP	de
tout	DET	tout
perdu	VERB	perdre
;	PUNCT	;
mes	DET	mais
pitee	NOUN	pite
vous	PRON	vous
preigne	ADJ	prendre
,	PUNCT	,
douz	ADJ	douz
Sire	NOUN	seignor
Meistre	NOUN	maistre
,	PUNCT	,
et	CCONJ	et
jeo	PRON	je
vous	PRON	vous
prie	VERB	priier
qe	SCONJ	que
jeo	PRON	je
soie	NOUN	estre
pitous	NOUN	pitout
devant	ADP	devant
vostre	DET	vostre
douce	ADJ	doux
face	VERB	faire
et	CCONJ	et
en	ADP	en
vostre	DET	vostre
humble	ADJ	humble
regard	NOUN	regard
.	PUNCT	.
Et	CCONJ	et
puis	NOUN	puis
,	PUNCT	,
Sire	NOUN	seignor
,	PUNCT	,
qe	SCONJ	que
vous	PRON	vous
estes	VERB	estre
myre	NOUN	mire
et	CCONJ	et
medicine	NOUN	midicande
qi	PRON	qui
poetz	NOUN	pöoir
garrir	VERB	garir
et	CCONJ	et
nul	DET	nul
altre	ADJ	autre
,	PUNCT	,
donetz	VERB	doner
moi	PRON	je
grace	NOUN	grace
,	PUNCT	,
Sire	NOUN	seignor
,	PUNCT	,
qe	SCONJ	que
jeo	PRON	je
vous	PRON	vous
puisse	VERB	pöoir
Sire	NOUN	seignor
,	PUNCT	,
a	ADP	a
droit	ADJ	droit
descoverir	VERB	descovrir
mes	DET	mais
plaies	NOUN	plaie
et	CCONJ	et
qe	SCONJ	que
j'	PRON	je
ai	VERB	avoir
par	ADP	par
vous	PRON	vous
sanctee	VERB	santé
;	PUNCT	;
et	CCONJ	et
par	ADP	par
vostre	DET	vostre
seynte	NOUN	saint
misericorde	NOUN	miséricorde
eietz	NOUN	aider
ent	CCONJ	entre
pitee	NOUN	pite
.	PUNCT	.
Tresdouz	PROPN	trefout
Sire	NOUN	seignor
Jesus	PROPN	jesus
Crist	PROPN	crist
,	PUNCT	,
jeo	PRON	je
vous	PRON	vous
moustre	NOUN	moustre
primerement	NOUN	primement
mes	DET	mais
orailles	NOUN	oraille
qe	SCONJ	que
sont	VERB	estre
si	ADV	si
pleynes	NOUN	plein
de	ADP	de
pecchés	NOUN	péché
qe	SCONJ	que
vostre	DET	vostre
douce	ADJ	doux
service	NOUN	service
ne	ADV	ne
poet	VERB	pöoir
pas	NOUN	pas
entrer	VERB	entrer
si	ADV	si
ne	ADV	ne
soit	VERB	estre
en	ADP	en
trespassant	VERB	trespasser
,	PUNCT	,
comme	SCONJ	comme
messes	NOUN	messe
,	PUNCT	,
matyns	NOUN	matin
,	PUNCT	,
vespres	NOUN	vespre
,	PUNCT	,
ne	ADV	ne
nul	DET	nul
altre	ADJ	autre
,	PUNCT	,
ne	ADV	ne
les	DET	le
bons	ADJ	bon
sermons	VERB	sermondre
.	PUNCT	.
A	ADP	a
voir	ADJ	voir
dire	VERB	dire
,	PUNCT	,
nul	DET	nul
bien	NOUN	bien
y	ADV	y
entre	ADP	entre
-	PUNCT	-
c'	CCONJ	ce
est	VERB	estre
a	ADP	a
dire	VERB	dire
pur	ADP	pour
y	ADV	y
demorer	VERB	demorer
.	PUNCT	.
Mes	CCONJ	mais
si	ADV	si
lui	PRON	lui
prodomme	NOUN	promdos
die	VERB	dire
ascune	VERB	ascue
folie	NOUN	folie
ou	CCONJ	ou
niceté	NOUN	nicée
,	PUNCT	,
cela	DET	cela
y	ADV	y
entra	VERB	entrer
tout	DET	tout
prest	NOUN	prest
et	CCONJ	et
demurra	VERB	demeurer
bone	ADJ	bon
piece	NOUN	piece
;	PUNCT	;
mes	DET	mais
le	DET	le
profite	NOUN	profit
de	ADP	de
l'	DET	le
alme	NOUN	alem
n'	ADV	ne
y	ADV	y
entra	VERB	entrer
ja	ADV	ja
si	ADV	si
ne	ADV	ne
soit	VERB	estre
a	ADP	a
grante	ADJ	grant
peyne	NOUN	peine
.	PUNCT	.
Et	CCONJ	et
a	ADP	a
la	DET	le
foiZe	NOUN	foise
ascunes	NOUN	ascuser
noveles	NOUN	novele
vont	VERB	aler
et	CCONJ	et
si	ADV	si
entrent	VERB	entrer
dedeinz	ADP	dedenit
,	PUNCT	,
comme	SCONJ	comme
de	ADP	de
batailles	NOUN	bataille
ou	CCONJ	ou
d'	ADP	de
autre	ADJ	autre
chose	NOUN	chose
dont	PRON	dont
j'	PRON	je
ai	VERB	avoir
doute	ADJ	doute
de	ADP	de
mort	NOUN	mort
ou	CCONJ	ou
de	ADP	de
honte	NOUN	honte
:	PUNCT	:
tant	ADV	tant
comme	SCONJ	comme
cele	DET	cel
doute	ADJ	doute
dure	ADJ	dur
,	PUNCT	,
bien	NOUN	bien
y	ADV	y
entrent	VERB	entrer
les	DET	le
biens	NOUN	bien
avantditz	NOUN	avantir
,	PUNCT	,
mes	DET	mais
si	ADV	si
tost	DET	tost
s'	DET	soi
en	ADP	en
vont	VERB	aler
comme	SCONJ	comme
la	DET	le
doute	ADJ	doute
s'	DET	soi
en	ADP	en
va	VERB	aler
.	PUNCT	.
Ne	CCONJ	ne
le	DET	le
bien	NOUN	bien
de	ADP	de
moun	DET	mon
proeme	NOUN	prometre
ne	ADV	ne
y	ADV	y
entre	ADP	entre
pas	NOUN	pas
voluntiers	ADV	volontiers
ne	ADV	ne
par	ADP	par
lour	DET	lour
gree	NOUN	greer
.	PUNCT	.
Mes	CCONJ	mais
defautes	NOUN	défaute
n'	ADV	ne
y	ADV	y
entrent	VERB	entrer
ja	ADV	ja
sans	NOUN	sans
grant	ADJ	grant
estour	NOUN	estour
,	PUNCT	,
si	ADV	si
ne	ADV	ne
soient	VERB	estre
coloree	VERB	colorer
ensi	ADV	ainsi
qe	SCONJ	que
jeo	PRON	je
ne	ADV	ne
les	DET	le
puisse	VERB	pöoir
mye	ADJ	mie
bien	NOUN	bien
conoistre	VERB	conoistre
:	PUNCT	:
c'	CCONJ	ce
est	VERB	estre
de	ADP	de
flaiteries	VERB	félitaine
,	PUNCT	,
de	ADP	de
mensoignes	NOUN	menseigneur
,	PUNCT	,
ou	CCONJ	ou
en	ADP	en
bourdant	NOUN	bourder
ou	CCONJ	ou
truflant	NOUN	trovent
;	PUNCT	;
de	ADP	de
dire	VERB	dire
le	DET	le
voir	ADJ	voir
,	PUNCT	,
ensi	ADV	ainsi
y	ADV	y
entre	ADP	entre
il	PRON	il
,	PUNCT	,
mes	DET	mais
si	ADV	si
jeo	PRON	je
le	DET	le
reconoisse	VERB	reconoistre
,	PUNCT	,
ja	ADV	ja
ne	ADV	ne
mettra	VERB	mettre
le	DET	le
piee	NOUN	piee
qe	SCONJ	que
jeo	PRON	je
puisse	VERB	pöoir
.	PUNCT	.
Et	CCONJ	et
qi	PRON	qui
unqes	DET	onque
voudra	VERB	voloir
dire	VERB	dire
male	ADJ	mal
de	ADP	de
moun	DET	mon
proeme	NOUN	prometre
ou	CCONJ	ou
le	DET	le
bien	NOUN	bien
de	ADP	de
moi	PRON	je
,	PUNCT	,
mes	DET	mais
orailles	NOUN	oraille
serroient	VERB	serrent
tout	DET	tout
apparillés	VERB	appareiller
de	ADP	de
les	DET	le
receiver	VERB	receverie
a	ADP	a
grant	ADJ	grant
joie	NOUN	joie
;	PUNCT	;
mes	DET	mais
les	DET	le
bons	ADJ	bon
contes	NOUN	comte
de	ADP	de
vous	PRON	vous
et	CCONJ	et
de	ADP	de
vostre	DET	vostre
douce	ADJ	doux
miere	NOUN	mier
ou	CCONJ	ou
de	ADP	de
voz	DET	vostre
seyntz	NOUN	saint
ou	CCONJ	ou
de	ADP	de
ceaux	ADJ	cela
qi	PRON	qui
me	PRON	je
prierent	VERB	prier
riens	NOUN	rien
pur	ADP	pour
l'	DET	le
amour	NOUN	amour
de	ADP	de
vous	PRON	vous
,	PUNCT	,
ne	ADV	ne
riens	NOUN	rien
qe	SCONJ	que
poet	VERB	pöoir
eidre	NOUN	aidier
a	ADP	a
la	DET	le
chaitive	ADJ	chaitif
alme	NOUN	alem
,	PUNCT	,
trop	ADV	trop
envys	NOUN	envis
y	ADV	y
entre	ADP	entre
,	PUNCT	,
ne	ADV	ne
voz	DET	vostre
comandementz	VERB	comandement
ne	ADV	ne
bons	ADJ	bon
enseignementz	VERB	ensemgner
qe	SCONJ	que
ascun	ADP	ascu
prodomme	NOUN	promdos
me	PRON	je
dit	VERB	dire
tost	DET	tost
est	VERB	estre
perdu	VERB	perdre
,	PUNCT	,
ou	CCONJ	ou
d'	ADP	de
oier	VERB	oire
ascune	VERB	ascue
bonne	ADJ	bon
chose	NOUN	chose
lire	NOUN	lire
riens	NOUN	rien
ne	ADV	ne
me	PRON	je
vaut	VERB	valoir
.	PUNCT	.
Mes	CCONJ	mais
mult	ADV	moult
bien	NOUN	bien
y	ADV	y
entre	ADP	entre
un	DET	un
delicious	ADJ	delicioc
chaunt	VERB	chanter
fait	VERB	faire
d'	ADP	de
omme	NOUN	homme
ou	CCONJ	ou
de	ADP	de
femme	NOUN	femme
,	PUNCT	,
ou	CCONJ	ou
de	ADP	de
Russinol	PROPN	rossil
ou	CCONJ	ou
d'	ADP	de
autre	ADJ	autre
oisel	NOUN	oisel
ou	CCONJ	ou
estrumentz	ADJ	estrompre
,	PUNCT	,
ou	CCONJ	ou
un	DET	un
cri	NOUN	cri
de	ADP	de
chiens	NOUN	chien
,	PUNCT	,
ou	CCONJ	ou
dire	VERB	dire
ou	CCONJ	ou
lire	NOUN	lire
chose	NOUN	chose
qe	SCONJ	que
poi	NOUN	pöoir
vaut	VERB	valoir
;	PUNCT	;
et	CCONJ	et
est	VERB	estre
,	PUNCT	,
a	ADP	a
dire	VERB	dire
court	NOUN	cour
,	PUNCT	,
qe	SCONJ	que
tout	DET	tout
y	ADV	y
entre	ADP	entre
par	ADP	par
les	DET	le
orailles	NOUN	oraille
legierement	ADV	legierement
qi	PRON	qui
poet	VERB	pöoir
l'	DET	le
alme	NOUN	alem
nuyer	VERB	nuire
ou	CCONJ	ou
poi	NOUN	pöoir
profiter	VERB	profiter
;	PUNCT	;
et	CCONJ	et
ceo	DET	ce
entre	ADP	entre
voluntiers	ADV	volontiers
et	CCONJ	et
le	DET	le
contraire	ADJ	contraire
mult	ADV	moult
envys	NOUN	envis
.	PUNCT	.
-	PUNCT	-
Jeo	PRON	je
ne	ADV	ne
die	VERB	dire
pas	NOUN	pas
qe	SCONJ	que
ceo	DET	ce
soit	VERB	estre
pecché	NOUN	péché
d'	ADP	de
oier	VERB	oire
chanceons	NOUN	chancher
ou	CCONJ	ou
altre	ADJ	autre
chose	NOUN	chose
qe	SCONJ	que
Dieu	PROPN	dieu
nous	PRON	nous
ad	VERB	avoir
ordainee	NOUN	ordoinement
pur	ADP	pour
ent	CCONJ	entre
faire	VERB	faire
nostre	DET	notre
profit	NOUN	profit
et	CCONJ	et
non	NOUN	nom
pas	NOUN	pas
nostre	DET	notre
damage	NOUN	damage
,	PUNCT	,
si	ADV	si
nous	PRON	nous
ne	ADV	ne
preignons	NOUN	prendre
trop	ADV	trop
,	PUNCT	,
ou	CCONJ	ou
hors	ADV	hors
de	ADP	de
heure	NOUN	heure
,	PUNCT	,
ou	CCONJ	ou
par	ADP	par
trop	ADV	trop
grant	ADJ	grant
delit	NOUN	delit
,	PUNCT	,
sanz	ADP	sans
conoistre	VERB	conoistre
qi	PRON	qui
ces	DET	ce
biens	NOUN	bien
envoie	VERB	envoiier
et	CCONJ	et
sanz	ADP	sans
lui	PRON	lui
regracier	VERB	regrethir
et	CCONJ	et
loer	VERB	lore
de	ADP	de
bon	ADJ	bon
coer	NOUN	coer
-	PUNCT	-
.	PUNCT	.
Et	CCONJ	et
ensi	ADV	ainsi
,	PUNCT	,
tresdouz	DET	troudse
Sire	NOUN	seignor
et	CCONJ	et
Meistre	NOUN	maistre
,	PUNCT	,
poetz	NOUN	pöoir
vous	PRON	vous
bien	NOUN	bien
veoir	VERB	vëoir
la	DET	le
male	ADJ	mal
plaie	NOUN	plaie
et	CCONJ	et
perillouse	ADJ	perillos
qe	SCONJ	que
j'	PRON	je
ai	VERB	avoir
en	ADP	en
l'	DET	le
oraille	NOUN	oraille
,	PUNCT	,
q'	SCONJ	que
est	VERB	estre
uncore	ADV	oncorer
pire	NOUN	pire
asseez	NOUN	assez
qe	SCONJ	que
jeo	PRON	je
ne	ADV	ne
le	DET	le
vous	PRON	vous
saveroie	VERB	savoir
descoverir	VERB	descovrir
ou	CCONJ	ou
moustrer	VERB	moustroy
.	PUNCT	.
Mes	CCONJ	mais
vous	PRON	vous
,	PUNCT	,
beau	ADJ	beau
douz	ADJ	douz
Meistres	NOUN	maistre
,	PUNCT	,
qi	PRON	qui
savetz	NOUN	savoir
tout	DET	tout
sanz	ADP	sans
le	DET	le
moustrer	VERB	moustroy
,	PUNCT	,
jeo	PRON	je
vous	PRON	vous
prie	VERB	priier
qe	SCONJ	que
de	ADP	de
tout	DET	tout
me	PRON	je
sauvetz	NOUN	sauvet
.	PUNCT	.
Tresdouz	PROPN	trefout
Sire	NOUN	seignor
Jesus	PROPN	jesus
Crist	PROPN	crist
,	PUNCT	,
ore	NOUN	ore
apres	ADV	après
mes	DET	mais
orailles	NOUN	oraille
,	PUNCT	,
par	ADP	par
vostre	DET	vostre
eide	NOUN	aide
et	CCONJ	et
grace	NOUN	grace
,	PUNCT	,
jeo	PRON	je
vous	PRON	vous
moustrai	VERB	moustrir
coment	VERB	comment
jeo	PRON	je
me	PRON	je
doille	NOUN	doloir
de	ADP	de
mes	DET	mais
oeux	NOUN	oeux
;	PUNCT	;
de	ADP	de
qoi	PRON	coi
,	PUNCT	,
Sire	NOUN	seignor
,	PUNCT	,
jeo	PRON	je
vous	PRON	vous
requere	VERB	requerre
socours	NOUN	sorche
.	PUNCT	.
Primerement	PROPN	priemmeler
,	PUNCT	,
tresdouz	DET	troudse
Sire	NOUN	seignor
,	PUNCT	,
jeo	PRON	je
vous	PRON	vous
moustrai	VERB	moustrir
coment	VERB	comment
,	PUNCT	,
quant	SCONJ	cant
vous	PRON	vous
estes	VERB	estre
pardevant	NOUN	parfaite
mes	DET	mais
oeux	NOUN	oeux
si	ADV	si
come	SCONJ	come
vous	PRON	vous
estes	VERB	estre
tous	DET	tout
les	DET	le
joures	NOUN	jour
,	PUNCT	,
la	DET	le
voz	DET	vostre
mercyz	NOUN	merci
,	PUNCT	,
si	ADV	si
ne	ADV	ne
soit	VERB	estre
en	ADP	en
ma	DET	mon
defaute	ADJ	défaute
,	PUNCT	,
qe	SCONJ	que
jeo	PRON	je
ne	ADV	ne
vous	PRON	vous
ai	VERB	avoir
pas	NOUN	pas
regardé	VERB	regarder
oue	PRON	oeu
si	ADV	si
grande	ADJ	grand
reverence	NOUN	reverce
ne	ADV	ne
oue	PRON	oeu
si	ADV	si
grant	ADJ	grant
doute	ADJ	doute
comme	SCONJ	comme
jeo	PRON	je
deusse	VERB	devoir
par	ADP	par
resoun	NOUN	resousser
,	PUNCT	,
ne	ADV	ne
si	ADV	si
parfitement	ADV	parfoit
ne	ADV	ne
oue	PRON	oeu
si	ADV	si
bon	ADJ	bon
devocion	NOUN	devocir
,	PUNCT	,
ne	ADV	ne
les	DET	le
oeux	NOUN	oeux
de	ADP	de
mon	DET	mon
coer	NOUN	coer
n'	ADV	ne
ont	VERB	avoir
pas	NOUN	pas
estee	VERB	estre
si	ADV	si
overtes	NOUN	ovrir
de	ADP	de
vous	PRON	vous
regarder	VERB	regarder
come	SCONJ	come
il	PRON	il
deveroient	VERB	devoir
mes	DET	mais
mues	NOUN	mue
en	ADP	en
ascunes	NOUN	ascuser
folies	NOUN	folie
qe	SCONJ	que
jeo	PRON	je
ne	ADV	ne
veoie	NOUN	vëoir
mye	ADJ	mie
ceo	DET	ce
qe	SCONJ	que
jeo	PRON	je
regardoi	NOUN	regarder
.	PUNCT	.
Dount	PRON	dont
,	PUNCT	,
beau	ADJ	beau
Sire	NOUN	seignor
Dieux	PROPN	dieu
,	PUNCT	,
j'	PRON	je
ai	VERB	avoir
bien	NOUN	bien
estee	VERB	estre
espris	NOUN	esprendre
de	ADP	de
grante	ADJ	grant
folie	NOUN	folie
et	CCONJ	et
de	ADP	de
grante	ADJ	grant
malvoisté	NOUN	mauvais
quant	SCONJ	cant
j'	PRON	je
ai	VERB	avoir
si	ADV	si
legier	ADJ	legier
tenu	VERB	tenir
et	CCONJ	et
si	ADV	si
tres	ADV	très
poi	NOUN	pöoir
pris	NOUN	prendre
de	ADP	de
regarder	VERB	regarder
la	DET	le
plus	ADV	plus
noble	ADJ	noble
chose	NOUN	chose
qe	SCONJ	que
unqes	DET	onque
fuit	VERB	fuir
ou	CCONJ	ou
jammes	NOUN	jamme
serra	VERB	serrer
sanz	ADP	sans
nul	DET	nul
comparison	NOUN	comparois
:	PUNCT	:
c'	CCONJ	ce
est	VERB	estre
,	PUNCT	,
tresdouz	DET	troudse
Sire	NOUN	seignor
,	PUNCT	,
vostre	DET	vostre
tresbenoit	VERB	tresance
corps	NOUN	corps
en	ADP	en
forme	NOUN	forme
de	ADP	de
payne	NOUN	peine
qe	SCONJ	que
vous	PRON	vous
,	PUNCT	,
Sire	NOUN	seignor
,	PUNCT	,
la	DET	le
vostre	DET	vostre
mercie	NOUN	mercïer
,	PUNCT	,
nous	PRON	nous
envoietz	NOUN	envoiier
tous	DET	tout
les	DET	le
jours	NOUN	jour
pur	ADP	pour
nous	PRON	nous
eider	VERB	aidier
et	CCONJ	et
conforter	VERB	conforter
et	CCONJ	et
pur	ADP	pour
receivre	VERB	recever
mult	ADV	moult
bonement	NOUN	bonnement
noz	DET	notre
supplicacions	NOUN	scillanchine-ul
quant	SCONJ	cant
nous	PRON	nous
les	DET	le
vous	PRON	vous
baillons	NOUN	bailler
de	ADP	de
bon	ADJ	bon
coer	NOUN	coer
.	PUNCT	.
Et	CCONJ	et
veetz	NOUN	vëoir
ore	NOUN	ore
,	PUNCT	,
qi	PRON	qui
eust	VERB	avoir
affaire	NOUN	affaire
d'	ADP	de
ascune	VERB	ascue
mundayne	NOUN	mondatine
chose	NOUN	chose
a	ADP	a
la	DET	le
courte	VERB	courte
de	ADP	de
roy	NOUN	roi
,	PUNCT	,
ne	ADV	ne
sufferoit	VERB	souffrir
il	PRON	il
mye	ADJ	mie
asseez	NOUN	assez
,	PUNCT	,
tout	DET	tout
ne	ADV	ne
venoit	VERB	venir
le	DET	le
Roy	NOUN	roi
touz	DET	tout
jours	NOUN	jour
a	ADP	a
lui	PRON	lui
et	CCONJ	et
se	PRON	se
moustrast	VERB	moustrer
a	ADP	a
lui	PRON	lui
comme	SCONJ	comme
q'	SCONJ	que
il	PRON	il
dirroit	VERB	dire
:	PUNCT	:
«	PUNCT	"
Voillietz	NOUN	vouloir
vous	PRON	vous
riens	NOUN	rien
qe	SCONJ	que
jeo	PRON	je
puisse	VERB	pöoir
faire	VERB	faire
?	PUNCT	?
S'	DET	se
il	PRON	il
vous	PRON	vous
faut	VERB	falir
riens	NOUN	rien
,	PUNCT	,
dites	VERB	dire
le	DET	le
moi	PRON	je
,	PUNCT	,
car	CCONJ	car
pur	ADP	pour
ceo	DET	ce
sui	VERB	estre
jeo	PRON	je
venuz	VERB	venir
.	PUNCT	.
»	PUNCT	"
Certes	ADV	certes
,	PUNCT	,
s'	DET	soi
il	PRON	il
m'	PRON	je
envoiast	VERB	envoiser
un	DET	un
bien	NOUN	bien
petit	ADJ	petit
vallet	NOUN	valet
de	ADP	de
soens	ADJ	soene
en	ADP	en
cele	DET	cel
manere	NOUN	mener
,	PUNCT	,
jeo	PRON	je
le	DET	le
tendroie	VERB	tenir
a	ADP	a
mult	ADV	moult
grant	ADJ	grant
humilité	NOUN	humilité
et	CCONJ	et
quideroie	VERB	quardier
mes	DET	mais
bosoignes	NOUN	bosegie
bien	NOUN	bien
parfaire	NOUN	parfait
.	PUNCT	.
Qe	SCONJ	que
deusse	VERB	devoir
jeo	PRON	je
tenir	VERB	tenir
de	ADP	de
vous	PRON	vous
,	PUNCT	,
mon	DET	mon
bon	ADJ	bon
Seignur	NOUN	seigneur
,	PUNCT	,
qe	SCONJ	que
si	ADV	si
debonairement	ADV	debonairement
me	PRON	je
venetz	NOUN	venir
touz	DET	tout
jours	NOUN	jour
visiter	VERB	visiter
pur	ADP	pour
savoir	VERB	savoir
si	ADV	si
jeo	PRON	je
voille	NOUN	voloir
riens	NOUN	rien
,	PUNCT	,
et	CCONJ	et
plus	ADV	plus
prest	NOUN	prest
de	ADP	de
faire	VERB	faire
pur	ADP	pour
moi	PRON	je
qe	SCONJ	que
jeo	PRON	je
de	ADP	de
requere	VERB	requerre
?	PUNCT	?
D'	ADP	de
autre	ADJ	autre
part	NOUN	part
,	PUNCT	,
Sire	NOUN	seignor
,	PUNCT	,
jeo	PRON	je
vous	PRON	vous
ai	VERB	avoir
regardé	VERB	regarder
et	CCONJ	et
voz	DET	vostre
seyntes	NOUN	saint
reliques	NOUN	relique
de	ADP	de
Nostre	DET	notre
douce	ADJ	doux
Dame	NOUN	dame
et	CCONJ	et
de	ADP	de
seyntz	NOUN	saint
et	CCONJ	et
seyntes	NOUN	saint
mult	ADV	moult
baudement	NOUN	bautement
quant	SCONJ	cant
jeo	PRON	je
estoie	VERB	estre
mult	ADV	moult
indigne	ADJ	indigne
,	PUNCT	,
comme	SCONJ	comme
encombré	VERB	encombrer
et	CCONJ	et
soillé	VERB	soillier
,	PUNCT	,
et	CCONJ	et
ceo	DET	ce
sovent	ADJ	sovent
,	PUNCT	,
de	ADP	de
mult	ADV	moult
grantz	ADJ	grant
et	CCONJ	et
viles	NOUN	vile
pecchés	NOUN	péché
,	PUNCT	,
pur	ADP	pour
qei	PRON	que
jeo	PRON	je
deusse	VERB	devoir
avoir	VERB	avoir
regardé	VERB	regarder
si	ADV	si
preciouses	ADJ	precïos
choses	NOUN	chose
ou	CCONJ	ou
grant	ADJ	grant
poour	NOUN	pour
;	PUNCT	;
si	ADV	si
comme	SCONJ	comme
serroit	VERB	estre
or	NOUN	or
un	DET	un
myen	ADJ	mien
bon	ADJ	bon
vallet	NOUN	valet
qi	PRON	qui
eust	VERB	avoir
ascune	VERB	ascue
chose	NOUN	chose
forfait	VERB	forfait
encontre	ADP	encontre
moy	PRON	moi
,	PUNCT	,
ja	ADV	ja
ne	ADV	ne
me	PRON	je
oseroit	VERB	oser
regarder	VERB	regarder
ne	ADV	ne
a	ADP	a
riens	NOUN	rien
qe	SCONJ	que
a	ADP	a
me	PRON	je
touchast	VERB	toucher
n'	ADV	ne
oseroit	VERB	oser
aprocher	VERB	aprochier
si	ADV	si
par	ADP	par
grant	ADJ	grant
doute	ADJ	doute
non	NOUN	nom
,	PUNCT	,
tant	ADV	tant
q'	SCONJ	que
il	PRON	il
seust	VERB	savoir
ou	CCONJ	ou
pensast	ADJ	penser
qe	SCONJ	que
jeo	PRON	je
l'	DET	le
eusse	VERB	avoir
de	ADP	de
tout	DET	tout
pardoné	VERB	pardoner
.	PUNCT	.
Alas	PROPN	aller
!	PUNCT	!
Pur	ADP	pour
qoi	PRON	coi
sui	VERB	estre
jeo	PRON	je
,	PUNCT	,
beau	ADJ	beau
Sire	NOUN	seignor
Sieux	ADJ	sieu
,	PUNCT	,
si	ADV	si
prest	NOUN	prest
de	ADP	de
vous	PRON	vous
corucer	VERB	corruche
et	CCONJ	et
si	ADV	si
hardy	ADJ	hardi
de	ADP	de
venir	VERB	venir
tout	DET	tout
senglant	NOUN	sanglant
en	ADP	en
vostre	DET	vostre
presence	NOUN	présence
?	PUNCT	?
Jeo	PRON	je
dis	VERB	dire
senglant	NOUN	sanglant
de	ADP	de
la	DET	le
cheitive	ADJ	chaitif
alme	NOUN	alem
,	PUNCT	,
la	DET	le
quele	DET	quel
j'	PRON	je
ai	VERB	avoir
,	PUNCT	,
Sire	NOUN	seignor
,	PUNCT	,
de	ADP	de
vous	PRON	vous
a	ADP	a
conduire	VERB	conduire
et	CCONJ	et
a	ADP	a
sauvement	NOUN	sauvement
garder	VERB	garder
et	CCONJ	et
la	DET	le
qele	DET	quel
vous	PRON	vous
avetz	NOUN	avoir
ordenee	VERB	ordrenen
a	ADP	a
mettre	VERB	mettre
mult	ADV	moult
haut	ADJ	haut
entre	ADP	entre
voz	DET	vostre
angeles	NOUN	angele
et	CCONJ	et
seyntz	NOUN	saint
en	ADP	en
paradys	NOUN	paradis
en	ADP	en
joi	NOUN	joi
sanz	ADP	sans
fyn	NOUN	fin
;	PUNCT	;
et	CCONJ	et
cel	DET	cel
poure	NOUN	pour
alme	NOUN	alem
ai	VERB	avoir
jeo	PRON	je
malement	ADV	malement
et	CCONJ	et
fausement	NOUN	fausement
mourdry	VERB	mourir
en	ADP	en
moun	DET	mon
conduyt	NOUN	conduit
et	CCONJ	et
en	ADP	en
ma	DET	mon
garde	NOUN	garde
,	PUNCT	,
comme	SCONJ	comme
dit	VERB	dire
est	VERB	estre
,	PUNCT	,
et	CCONJ	et
en	ADP	en
poynt	VERB	point
de	ADP	de
la	DET	le
getter	VERB	jeter
mult	ADV	moult
parfond	ADJ	parfont
en	ADP	en
enfern	NOUN	enfer
si	ADV	si
vous	PRON	vous
,	PUNCT	,
douce	ADJ	doux
Sire	NOUN	seignor
,	PUNCT	,
ceo	DET	ce
poynt	VERB	point
ne	ADV	ne
metteiz	NOUN	mettre
a	ADP	a
poynt	VERB	point
sanz	ADP	sans
poynt	VERB	point
de	ADP	de
delaye	NOUN	delaiier
.	PUNCT	.
Car	CCONJ	car
mult	ADV	moult
sovent	ADJ	sovent
ai	VERB	avoir
jeo	PRON	je
fait	VERB	faire
quantqe	SCONJ	cantque
en	ADP	en
moi	PRON	je
estoit	VERB	estre
de	ADP	de
la	DET	le
mettre	VERB	mettre
ausi	ADV	aussi
bas	ADJ	bas
entre	ADP	entre
touz	DET	tout
les	DET	le
horribles	NOUN	horrible
diables	NOUN	dïable
en	ADP	en
dolour	NOUN	dolor
sanz	ADP	sans
fyn	NOUN	fin
,	PUNCT	,
comme	SCONJ	comme
vous	PRON	vous
,	PUNCT	,
douz	ADJ	douz
Sire	NOUN	seignor
,	PUNCT	,
avetz	NOUN	avoir
fait	VERB	faire
pur	ADP	pour
la	DET	le
mettre	VERB	mettre
si	ADV	si
haut	ADJ	haut
entre	ADP	entre
vos	PRON	vos
glorious	ADJ	glorieux
seyntz	NOUN	saint
en	ADP	en
paradys	NOUN	paradis
sans	NOUN	sans
fyn	NOUN	fin
en	ADP	en
joi	NOUN	joi
.	PUNCT	.
E	CCONJ	et
ensi	ADV	ainsi
poet	VERB	pöoir
veoir	VERB	vëoir
chescune	NOUN	cheschenur
qi	PRON	qui
cest	DET	cest
escript	VERB	écrire
verra	VERB	vëoir
qe	SCONJ	que
j'	PRON	je
ai	VERB	avoir
durement	ADV	durement
mestier	NOUN	mestier
,	PUNCT	,
douz	ADJ	douz
Sire	NOUN	seignor
,	PUNCT	,
de	ADP	de
vostre	DET	vostre
misericorde	NOUN	miséricorde
sur	ADP	sur
moi	PRON	je
largement	NOUN	largement
espandu	VERB	espandre
.	PUNCT	.
Et	CCONJ	et
uncor	ADV	onquerre
me	PRON	je
pleyne	ADJ	plein
jeo	PRON	je
de	ADP	de
mes	DET	mais
oeux	NOUN	oeux
qe	SCONJ	que
m'	PRON	je
ont	VERB	avoir
sovent	ADJ	sovent
trahi	VERB	träir
et	CCONJ	et
enginee	VERB	engienge
en	ADP	en
meynt	ADJ	metre
fol	ADJ	fol
regard	NOUN	regard
et	CCONJ	et
m'	PRON	je
ont	VERB	avoir
fait	VERB	faire
sembler	VERB	sembler
ceo	DET	ce
qe	SCONJ	que
n'	ADV	ne
estoit	VERB	estre
mye	ADJ	mie
,	PUNCT	,
dont	PRON	dont
par	ADP	par
eaux	NOUN	eux
ai	VERB	avoir
jeo	PRON	je
sovent	ADJ	sovent
estee	VERB	estre
mult	ADV	moult
troeblés	NOUN	trouver
de	ADP	de
coer	NOUN	coer
,	PUNCT	,
de	ADP	de
corps	NOUN	corps
et	CCONJ	et
d'	ADP	de
alme	NOUN	alem
;	PUNCT	;
et	CCONJ	et
les	DET	le
defautes	NOUN	défaute
d'	ADP	de
autri	ADJ	autre
ja	ADV	ja
ne	ADV	ne
me	PRON	je
covenoit	VERB	covenir
l'	DET	le
en	ADP	en
a	ADP	a
dire	VERB	dire
,	PUNCT	,
car	CCONJ	car
trop	ADV	trop
bien	NOUN	bien
les	DET	le
veoie	NOUN	vëoir
et	CCONJ	et
voie	NOUN	voie
;	PUNCT	;
mes	DET	mais
les	DET	le
maux	NOUN	mal
qe	SCONJ	que
jeo	PRON	je
face	VERB	faire
et	CCONJ	et
mes	DET	mais
grandes	ADJ	grand
defautz	ADJ	défait
jeo	PRON	je
ne	ADV	ne
sai	VERB	savoir
nuls	DET	nul
veoir	VERB	vëoir
;	PUNCT	;
et	CCONJ	et
ceo	DET	ce
n'	ADV	ne
est	VERB	estre
mye	ADJ	mie
qe	SCONJ	que
asseez	NOUN	assez
et	CCONJ	et
trop	ADV	trop
asseez	NOUN	assez
il	PRON	il
n'	ADV	ne
en	ADP	en
y	ADV	y
a	ADP	a
,	PUNCT	,
mes	DET	mais
qe	SCONJ	que
en	ADP	en
les	DET	le
moyes	NOUN	moise
jeo	PRON	je
sui	VERB	estre
trop	ADV	trop
boornes	NOUN	bonor
et	CCONJ	et
en	ADP	en
les	DET	le
autri	ADJ	autre
trop	ADV	trop
cler	ADJ	clair
veaunt	NOUN	vëoir
.	PUNCT	.
Et	CCONJ	et
ausi	ADV	aussi
en	ADP	en
regardaunt	VERB	regarder
par	ADP	par
trop	ADV	trop
grant	ADJ	grant
delit	NOUN	delit
ascunes	NOUN	ascuser
folies	NOUN	folie
q'	SCONJ	que
omme	NOUN	homme
ad	VERB	avoir
fait	VERB	faire
,	PUNCT	,
ou	CCONJ	ou
de	ADP	de
livres	NOUN	livre
de	ADP	de
nient	ADV	néant
,	PUNCT	,
ou	CCONJ	ou
de	ADP	de
peynture	NOUN	perntion
,	PUNCT	,
ou	CCONJ	ou
delit	NOUN	delit
en	ADP	en
belis	NOUN	bel
peres	NOUN	père
regarder	VERB	regarder
et	CCONJ	et
touz	DET	tout
altres	PRON	autre
choses	NOUN	chose
qe	SCONJ	que
vous	PRON	vous
avietz	VERB	avié
fait	VERB	faire
pur	ADP	pour
nous	PRON	nous
,	PUNCT	,
beau	ADJ	beau
Sir	NOUN	seignor
Dieux	PROPN	dieu
.	PUNCT	.
Trop	ADV	trop
sui	VERB	estre
mal	NOUN	mal
entecchez	VERB	entechoc
quant	SCONJ	cant
jeo	PRON	je
en	ADP	en
preigne	ADJ	prendre
si	ADV	si
grant	ADJ	grant
delite	ADJ	delitier
en	ADP	en
le	DET	le
regard	NOUN	regard
qe	SCONJ	que
jeo	PRON	je
enteroblie	VERB	entrebois
les	DET	le
loanges	NOUN	logane
et	CCONJ	et
les	DET	le
graces	NOUN	grace
et	CCONJ	et
grantz	ADJ	grant
merciz	NOUN	merci
de	ADP	de
coer	NOUN	coer
qe	SCONJ	que
jeo	PRON	je
vous	PRON	vous
ent	CCONJ	entre
sui	VERB	estre
tenuz	VERB	tenir
et	CCONJ	et
deusse	VERB	devoir
rendre	VERB	rendre
,	PUNCT	,
et	CCONJ	et
quant	SCONJ	cant
jeo	PRON	je
voie	NOUN	voie
homme	NOUN	homme
ou	CCONJ	ou
femme	NOUN	femme
faire	VERB	faire
ascune	VERB	ascue
pecché	NOUN	péché
,	PUNCT	,
ou	CCONJ	ou
qe	SCONJ	que
jeo	PRON	je
voie	NOUN	voie
q'	SCONJ	que
ils	PRON	il
sont	VERB	estre
en	ADP	en
volunté	NOUN	volonté
,	PUNCT	,
et	CCONJ	et
jeo	PRON	je
n'	ADV	ne
ai	VERB	avoir
pas	NOUN	pas
fait	VERB	faire
moun	DET	mon
poair	VERB	pöoir
de	ADP	de
les	DET	le
destourber	VERB	détourber
,	PUNCT	,
mes	DET	mais
plus	ADV	plus
pur	ADP	pour
le	DET	le
mal	NOUN	mal
avancer	VERB	avencer
.	PUNCT	.
Et	CCONJ	et
mult	ADV	moult
sovent	ADJ	sovent
ont	VERB	avoir
estee	VERB	estre
mes	DET	mais
oeux	NOUN	oeux
pleines	NOUN	plein
de	ADP	de
lermes	NOUN	larme
pur	ADP	pour
ceo	DET	ce
qe	SCONJ	que
jeo	PRON	je
ne	ADV	ne
poreie	NOUN	pöoir
soeffrir	VERB	sofrir
bonement	NOUN	bonnement
ceo	DET	ce
qe	SCONJ	que
a	ADP	a
force	NOUN	force
me	PRON	je
covenoit	VERB	covenir
faire	VERB	faire
et	CCONJ	et
ceo	DET	ce
estoit	VERB	estre
vostre	DET	vostre
volunté	NOUN	volonté
,	PUNCT	,
beau	ADJ	beau
douz	ADJ	douz
Sire	NOUN	seignor
;	PUNCT	;
mes	DET	mais
pur	ADP	pour
mes	DET	mais
pecchés	NOUN	péché
,	PUNCT	,
unqes	DET	onque
si	ADV	si
horribles	NOUN	horrible
ne	ADV	ne
feussent	ADJ	faire
,	PUNCT	,
une	DET	un
soule	ADJ	sol
goute	NOUN	goute
en	ADP	en
le	DET	le
oil	NOUN	oui
ne	ADV	ne
entrast	VERB	entrer
.	PUNCT	.
Ore	NOUN	or
vous	PRON	vous
ai	VERB	avoir
moustré	VERB	moustrer
,	PUNCT	,
douz	ADJ	douz
Sire	NOUN	seignor
,	PUNCT	,
le	DET	le
dolorouse	NOUN	doloros
plaie	NOUN	plaie
de	ADP	de
mes	DET	mais
oeux	NOUN	oeux
;	PUNCT	;
lesquels	DET	lequel
,	PUNCT	,
douz	ADJ	douz
Sire	NOUN	seignor
,	PUNCT	,
vous	PRON	vous
plese	NOUN	plaire
amendre	VERB	amender
et	CCONJ	et
desormes	NOUN	desormer
garder	VERB	garder
,	PUNCT	,
ou	CCONJ	ou
tout	DET	tout
crever	VERB	crever
.	PUNCT	.
Bon	ADJ	bon
douz	ADJ	douz
Seignur	NOUN	seigneur
et	CCONJ	et
Meistre	NOUN	maistre
tresdebonaire	NOUN	destrendre
,	PUNCT	,
or	NOUN	or
sui	VERB	estre
jeo	PRON	je
,	PUNCT	,
par	ADP	par
vostre	DET	vostre
seynte	NOUN	saint
grace	NOUN	grace
,	PUNCT	,
venuz	VERB	venir
tantqe	DET	tant
a	ADP	a
moustrer	VERB	moustroy
la	DET	le
puneise	NOUN	ponsite
plaie	NOUN	plaie
de	ADP	de
nes	NOUN	ne.il
et	CCONJ	et
de	ADP	de
narilles	NOUN	narille
par	ADP	par
lesquels	DET	lequel
j'	PRON	je
ai	VERB	avoir
mult	ADV	moult
sovent	ADJ	sovent
pecché	NOUN	péché
.	PUNCT	.
Car	CCONJ	car
de	ADP	de
ceo	DET	ce
qe	SCONJ	que
vous	PRON	vous
,	PUNCT	,
beau	ADJ	beau
Sire	NOUN	seignor
Dieux	PROPN	dieu
,	PUNCT	,
feistes	VERB	faire
pur	ADP	pour
nostre	DET	notre
bien	NOUN	bien
,	PUNCT	,
mesqe	NOUN	mêce
nous	PRON	nous
en	ADP	en
preymes	ADJ	priempre
resonabelment	NOUN	réconsement
,	PUNCT	,
et	CCONJ	et
de	ADP	de
ceo	DET	ce
,	PUNCT	,
Sire	NOUN	seignor
,	PUNCT	,
ai	VERB	avoir
jeo	PRON	je
fait	VERB	faire
trop	ADV	trop
malement	ADV	malement
:	PUNCT	:
et	CCONJ	et
c'	CCONJ	ce
est	VERB	estre
de	ADP	de
fleurs	NOUN	fleur
,	PUNCT	,
herbes	NOUN	herbe
,	PUNCT	,
foilles	NOUN	folie
et	CCONJ	et
fruitz	NOUN	fruit
qe	SCONJ	que
suef	NOUN	souf
fleirent	VERB	flaire
,	PUNCT	,
les	DET	le
quels	DET	quel
j'	PRON	je
ai	VERB	avoir
fleiree	VERB	flaire
par	ADP	par
trop	ADV	trop
grant	ADJ	grant
delit	NOUN	delit
et	CCONJ	et
sanz	ADP	sans
vous	PRON	vous
,	PUNCT	,
douz	ADJ	douz
Sire	NOUN	seignor
,	PUNCT	,
mercier	VERB	mercier
de	ADP	de
ceo	DET	ce
qe	SCONJ	que
vous	PRON	vous
nous	PRON	nous
tant	ADV	tant
envoietz	NOUN	envoiier
pur	ADP	pour
nous	PRON	nous
eider	VERB	aidier
et	CCONJ	et
conforter	VERB	conforter
,	PUNCT	,
qe	SCONJ	que
benoit	VERB	benoiier
soietz	ADJ	soiter
vous	PRON	vous
,	PUNCT	,
Sire	NOUN	seignor
,	PUNCT	,
comme	SCONJ	comme
vous	PRON	vous
bien	NOUN	bien
estes	VERB	estre
et	CCONJ	et
bien	NOUN	bien
le	DET	le
deservetz	VERB	deserver
.	PUNCT	.
Et	CCONJ	et
ausi	ADV	aussi
ai	VERB	avoir
jeo	PRON	je
,	PUNCT	,
Sire	NOUN	seignor
,	PUNCT	,
par	ADP	par
grant	ADJ	grant
delit	NOUN	delit
fleiree	VERB	flaire
ascunes	NOUN	ascuser
femmes	NOUN	femme
ou	CCONJ	ou
ascunes	NOUN	ascuser
choses	NOUN	chose
de	ADP	de
lour	DET	lour
pur	ADP	pour
qoi	PRON	coi
jeo	PRON	je
sui	VERB	estre
le	DET	le
plus	ADV	plus
tost	DET	tost
cheu	NOUN	ce
en	ADP	en
pecché	NOUN	péché
.	PUNCT	.
Alas	PROPN	aller
!	PUNCT	!
beau	ADJ	beau
Sire	NOUN	seignor
Dieux	PROPN	dieu
,	PUNCT	,
poi	NOUN	pöoir
ai	VERB	avoir
jeo	PRON	je
pensee	NOUN	penser
a	ADP	a
droit	ADJ	droit
comment	ADV	comment
ele	PRON	il
une	DET	un
de	ADP	de
ces	DET	ce
jours	NOUN	jour
serra	VERB	serrer
si	ADV	si
ordement	NOUN	ordrement
puante	ADJ	pouvoir
qe	SCONJ	que
pur	ADP	pour
riens	NOUN	rien
jeo	PRON	je
ne	ADV	ne
la	DET	le
toucheroie	VERB	toucher
trois	DET	trois
jours	NOUN	jour
apres	ADV	après
la	DET	le
morte	VERB	morir
.	PUNCT	.
Et	CCONJ	et
nous	PRON	nous
ne	ADV	ne
savons	VERB	savoir
comme	SCONJ	comme
tost	DET	tost
ceo	DET	ce
vendra	VERB	vendre
,	PUNCT	,
mesqe	NOUN	mêce
a	ADP	a
vostre	DET	vostre
volunté	NOUN	volonté
,	PUNCT	,
beau	ADJ	beau
douz	ADJ	douz
Sire	NOUN	seignor
.	PUNCT	.
Et	CCONJ	et
ascunes	NOUN	ascuser
choses	NOUN	chose
qe	SCONJ	que
touchent	VERB	toucher
a	ADP	a
pecché	NOUN	péché
j'	PRON	je
ai	VERB	avoir
eu	VERB	avoir
delit	NOUN	delit
a	ADP	a
fleirer	VERB	flaire
;	PUNCT	;
qe	SCONJ	que
si	ADV	si
ceo	DET	ce
eust	VERB	avoir
touchee	VERB	toucher
a	ADP	a
ascune	VERB	ascue
bien	NOUN	bien
,	PUNCT	,
je	PRON	je
en	ADP	en
eusse	VERB	avoir
eu	VERB	avoir
habominacion	NOUN	abombagnie
,	PUNCT	,
si	ADV	si
comme	SCONJ	comme
je	PRON	je
averoie	VERB	avoir
bien	NOUN	bien
d'	ADP	de
un	DET	un
de	ADP	de
mes	DET	mais
freres	NOUN	frere
,	PUNCT	,
soers	NOUN	sore
,	PUNCT	,
cosyn	NOUN	cosin
ou	CCONJ	ou
cosyne	NOUN	cosin
ou	CCONJ	ou
altre	ADJ	autre
amy	NOUN	ami
ou	CCONJ	ou
amye	NOUN	ami
,	PUNCT	,
ou	CCONJ	ou
bien	NOUN	bien
bon	ADJ	bon
compaignon	NOUN	compagnon
qu'	SCONJ	que
eust	VERB	avoir
cancre	NOUN	chancre
ou	CCONJ	ou
festree	NOUN	ferte
ou	CCONJ	ou
ascune	VERB	ascue
altre	ADJ	autre
purture	NOUN	pourture
sur	ADP	sur
lui	PRON	lui
puante	ADJ	pouvoir
:	PUNCT	:
a	ADP	a
mult	ADV	moult
grant	ADJ	grant
peyne	NOUN	peine
lui	PRON	lui
tendroie	VERB	tenir
jeo	PRON	je
compaignie	NOUN	compagnie
;	PUNCT	;
et	CCONJ	et
si	ADV	si
jeo	PRON	je
le	DET	le
feisse	VERB	faire
,	PUNCT	,
ceo	DET	ce
serroit	VERB	estre
plus	ADV	plus
pur	ADP	pour
lui	PRON	lui
plere	NOUN	plaire
ou	CCONJ	ou
pur	ADP	pour
hont	VERB	hont
qe	SCONJ	que
pur	ADP	pour
vous	PRON	vous
plere	NOUN	plaire
,	PUNCT	,
beau	ADJ	beau
douz	ADJ	douz
Sire	NOUN	seignor
;	PUNCT	;
et	CCONJ	et
ceo	DET	ce
piert	NOUN	peire
bien	NOUN	bien
,	PUNCT	,
car	CCONJ	car
touz	DET	tout
les	DET	le
jours	NOUN	jour
vous	PRON	vous
purroie	VERB	pouvoir
jeo	PRON	je
plere	NOUN	plaire
,	PUNCT	,
si	ADV	si
jeo	PRON	je
le	DET	le
purroie	VERB	pouvoir
trover	VERB	trover
en	ADP	en
moun	DET	mon
malveis	ADJ	mauvais
coer	NOUN	coer
de	ADP	de
visiter	VERB	visiter
les	DET	le
poures	NOUN	pouvoir
et	CCONJ	et
les	DET	le
deshaités	VERB	deshaitier
et	CCONJ	et
les	DET	le
poures	NOUN	pouvoir
mesaux	NOUN	mesule
:	PUNCT	:
la	DET	le
troveroie	VERB	trover
jeo	PRON	je
flerour	NOUN	fleurer
qe	SCONJ	que
me	PRON	je
deveroit	VERB	devoir
par	ADP	par
reson	NOUN	reson
mult	ADV	moult
bien	NOUN	bien
plere	NOUN	plaire
pur	ADP	pour
l'	DET	le
amour	NOUN	amour
de	ADP	de
vous	PRON	vous
,	PUNCT	,
douz	ADJ	douz
Sire	NOUN	seignor
.	PUNCT	.
Et	CCONJ	et
ou	CCONJ	ou
troveroie	VERB	trover
jeo	PRON	je
tiels	ADJ	tel
gientz	NOUN	jeter
qu'	SCONJ	que
ensi	ADV	ainsi
malfleirent	VERB	malaistien
?	PUNCT	?
A	ADP	a
non	NOUN	nom
Dieux	PROPN	dieu
,	PUNCT	,
entre	ADP	entre
ceaux	ADJ	cela
qe	SCONJ	que
soeffrent	VERB	sofrir
tant	ADV	tant
de	ADP	de
mesaise	NOUN	mesaise
,	PUNCT	,
comme	SCONJ	comme
de	ADP	de
meynt	ADJ	metre
malveis	ADJ	mauvais
mangiers	VERB	mangier
et	CCONJ	et
pires	ADJ	pejor
boires	NOUN	boire
,	PUNCT	,
mau	NOUN	mal
choché	NOUN	choche
et	CCONJ	et
mau	NOUN	mal
vestu	VERB	vestir
,	PUNCT	,
si	ADV	si
q'	SCONJ	que
entre	ADP	entre
tiels	ADJ	tel
gientz	NOUN	jeter
purroie	VERB	pouvoir
jeo	PRON	je
trover	VERB	trover
de	ADP	de
faire	VERB	faire
moun	DET	mon
pru	ADP	pro
,	PUNCT	,
si	ADV	si
jeo	PRON	je
feusse	NOUN	être
sage	ADJ	sage
et	CCONJ	et
par	ADP	par
la	DET	le
grace	NOUN	grace
de	ADP	de
vous	PRON	vous
,	PUNCT	,
Sire	NOUN	seignor
,	PUNCT	,
a	ADP	a
laquele	DET	lequel
nul	DET	nul
n'	ADV	ne
en	ADP	en
faut	VERB	falir
;	PUNCT	;
qe	SCONJ	que
en	ADP	en
voelt	VERB	voloir
,	PUNCT	,
si	ADV	si
en	ADP	en
prent	VERB	prendre
.	PUNCT	.
Et	CCONJ	et
comment	ADV	comment
qe	SCONJ	que
le	DET	le
nes	NOUN	ne.il
soit	VERB	estre
ore	NOUN	ore
excoimous	ADJ	excumer
,	PUNCT	,
si	ADV	si
serra	VERB	serrer
ele	PRON	il
la	DET	le
plaie	NOUN	plaie
qe	SCONJ	que
plus	ADV	plus
tost	DET	tost
purrira	VERB	pouvoir
et	CCONJ	et
puante	ADJ	pouvoir
serra	VERB	serrer
.	PUNCT	.
Tresdouz	PROPN	trefout
Sire	NOUN	seignor
tout	DET	tout
puissant	ADJ	poissant
,	PUNCT	,
jeo	PRON	je
noundigne	ADJ	nonduit
veigne	VERB	venir
a	ADP	a
vous	PRON	vous
creant	VERB	crëante
et	CCONJ	et
requerant	VERB	requerre
mercye	NOUN	mercïer
et	CCONJ	et
eide	NOUN	aide
d'	ADP	de
une	DET	un
altre	ADJ	autre
bien	NOUN	bien
hidouse	NOUN	hidotu
playe	NOUN	plaie
,	PUNCT	,
la	DET	le
quele	DET	quel
est	VERB	estre
si	ADV	si
tremalveise	NOUN	trempler
et	CCONJ	et
si	ADV	si
tresperillouse	ADJ	tresplaire
qe	SCONJ	que
c'	CCONJ	ce
est	VERB	estre
droit	ADJ	droit
mervaille	NOUN	merveille
comment	ADV	comment
jeo	PRON	je
l'	DET	le
oseroie	VERB	oser
moustrer	VERB	moustroy
par	ADP	par
devant	ADP	devant
nul	DET	nul
prodomme	NOUN	promdos
,	PUNCT	,
si	ADV	si
orde	NOUN	ord
est	VERB	estre
ele	PRON	il
et	CCONJ	et
si	ADV	si
pleyne	ADJ	plein
de	ADP	de
venym	VERB	venir
-	PUNCT	-
c'	CCONJ	ce
est	VERB	estre
de	ADP	de
pecché	NOUN	péché
venymous	ADJ	venir
et	CCONJ	et
mortel	ADJ	mortel
;	PUNCT	;
mes	DET	mais
pur	ADP	pour
avoir	VERB	avoir
garison	NOUN	garison
,	PUNCT	,
Sire	NOUN	seignor
,	PUNCT	,
par	ADP	par
vostre	DET	vostre
douce	ADJ	doux
mercie	NOUN	mercïer
,	PUNCT	,
et	CCONJ	et
qe	SCONJ	que
jeo	PRON	je
sai	VERB	savoir
bien	NOUN	bien
qe	SCONJ	que
vous	PRON	vous
,	PUNCT	,
Sire	NOUN	seignor
,	PUNCT	,
estes	VERB	estre
si	ADV	si
debonair	VERB	debonaire
et	CCONJ	et
si	ADV	si
pleyne	ADJ	plein
de	ADP	de
pité	NOUN	pité
et	CCONJ	et
de	ADP	de
charité	NOUN	charité
qe	SCONJ	que
jeo	PRON	je
en	ADP	en
suy	VERB	estre
le	DET	le
plus	ADV	plus
hardy	ADJ	hardi
.	PUNCT	.
Ore	NOUN	or
,	PUNCT	,
Sire	NOUN	seignor
,	PUNCT	,
cest	DET	cest
plaie	NOUN	plaie
si	ADV	si
est	VERB	estre
ma	DET	mon
bouche	NOUN	bouche
,	PUNCT	,
la	DET	le
quele	DET	quel
est	VERB	estre
mult	ADV	moult
anguissouse	ADJ	angoissos
a	ADP	a
la	DET	le
cheitive	ADJ	chaitif
alme	NOUN	alem
et	CCONJ	et
mult	ADV	moult
encombraunte	VERB	encombrement
;	PUNCT	;
car	CCONJ	car
tout	DET	tout
le	DET	le
plus	ADV	plus
de	ADP	de
venyme	VERB	venir
q'	SCONJ	que
est	VERB	estre
en	ADP	en
coer	NOUN	coer
si	ADV	si
saut	VERB	salir
sovent	ADJ	sovent
par	ADP	par
illoqes	DET	illuec
et	CCONJ	et
c'	CCONJ	ce
est	VERB	estre
en	ADP	en
mult	ADV	moult
malveis	ADJ	mauvais
maners	NOUN	mener
et	CCONJ	et
damageous	NOUN	damogesse
.	PUNCT	.
Et	CCONJ	et
en	ADP	en
cest	DET	cest
plaie	NOUN	plaie
doloruse	NOUN	doloros
si	ADV	si
ad	VERB	avoir
de	ADP	de
morte	VERB	morir
char	NOUN	char
,	PUNCT	,
voir	ADJ	voir
grant	ADJ	grant
coup	NOUN	coup
;	PUNCT	;
et	CCONJ	et
c'	CCONJ	ce
est	VERB	estre
,	PUNCT	,
Sire	NOUN	seignor
,	PUNCT	,
ma	DET	mon
lange	NOUN	lange
mauveise	ADJ	mauvais
qi	PRON	qui
bien	NOUN	bien
et	CCONJ	et
par	ADP	par
droit	ADJ	droit
reson	NOUN	reson
doit	VERB	devoir
estre	VERB	estre
dit	VERB	dire
morte	VERB	morir
char	NOUN	char
,	PUNCT	,
car	CCONJ	car
sovent	ADJ	sovent
ad	VERB	avoir
ele	PRON	il
fait	VERB	faire
tout	DET	tout
soun	DET	son
poair	VERB	pöoir
de	ADP	de
moy	PRON	moi
mettre	VERB	mettre
a	ADP	a
mort	NOUN	mort
corps	NOUN	corps
et	CCONJ	et
alme	NOUN	alem
,	PUNCT	,
et	CCONJ	et
autres	PRON	autre
meynt	ADJ	metre
,	PUNCT	,
ascunes	NOUN	ascuser
a	ADP	a
mort	NOUN	mort
et	CCONJ	et
ascunes	NOUN	ascuser
malement	ADV	malement
enpiree	NOUN	empire
de	ADP	de
corps	NOUN	corps
et	CCONJ	et
de	ADP	de
biens	NOUN	bien
et	CCONJ	et
ausi	ADV	aussi
uncore	ADV	oncorer
d'	ADP	de
alme	NOUN	alem
,	PUNCT	,
si	ADV	si
vous	PRON	vous
,	PUNCT	,
douce	ADJ	doux
Sire	NOUN	seignor
,	PUNCT	,
ne	ADV	ne
feustetz	NOUN	faire
plus	ADV	plus
pitous	NOUN	pitout
et	CCONJ	et
plus	ADV	plus
droiturels	ADJ	droiture
en	ADP	en
jugeant	VERB	juger
nous	PRON	nous
q'	SCONJ	que
ele	PRON	il
n'	ADV	ne
este	VERB	estre
;	PUNCT	;
et	CCONJ	et
ceo	DET	ce
nous	PRON	nous
est	VERB	estre
et	CCONJ	et
serra	VERB	serrer
bien	NOUN	bien
mestier	NOUN	mestier
,	PUNCT	,
douz	ADJ	douz
Meistre	NOUN	maistre
:	PUNCT	:
la	DET	le
plaie	NOUN	plaie
de	ADP	de
la	DET	le
bouche	NOUN	bouche
si	ADV	si
est	VERB	estre
trop	ADV	trop
fort	ADJ	fort
a	ADP	a
garrir	VERB	garir
,	PUNCT	,
car	CCONJ	car
ele	PRON	il
quert	NOUN	querre
touz	DET	tout
venym	VERB	venir
et	CCONJ	et
quyture	NOUN	quitreur
mult	ADV	moult
lede	ADJ	ledit
et	CCONJ	et
orde	NOUN	ord
en	ADP	en
issaunt	VERB	issir
et	CCONJ	et
en	ADP	en
entraunt	VERB	entrer
dont	PRON	dont
n'	ADV	ne
est	VERB	estre
ele	PRON	il
nette	ADJ	nattre
:	PUNCT	:
certes	ADV	certes
noun	DET	non
,	PUNCT	,
mes	DET	mais
tresord	NOUN	tresordre
puant	VERB	pouvoir
,	PUNCT	,
car	CCONJ	car
toutez	DET	tout
les	DET	le
malveises	ADJ	mauvais
pensers	NOUN	penser
de	ADP	de
coer	NOUN	coer
y	ADV	y
passent	VERB	passer
et	CCONJ	et
a	ADP	a
la	DET	le
foiZe	NOUN	foise
plus	ADV	plus
,	PUNCT	,
car	CCONJ	car
sovent	ADJ	sovent
plus	ADV	plus
passe	VERB	passer
par	ADP	par
la	DET	le
bouche	NOUN	bouche
qe	SCONJ	que
ne	ADV	ne
vient	VERB	venir
de	ADP	de
coer	NOUN	coer
.	PUNCT	.
Et	CCONJ	et
si	ADV	si
devoroient	VERB	devoir
bien	NOUN	bien
les	DET	le
maux	NOUN	mal
suffire	NOUN	suffire
qe	SCONJ	que
de	ADP	de
coer	NOUN	coer
en	ADP	en
vient	VERB	venir
sanz	ADP	sans
le	DET	le
surplus	NOUN	surplus
qe	SCONJ	que
sovent	ADJ	sovent
tourne	NOUN	tourner
moi	PRON	je
a	ADP	a
male	ADJ	mal
et	CCONJ	et
autry	ADJ	autre
,	PUNCT	,
comme	SCONJ	comme
de	ADP	de
parler	VERB	parler
legierment	ADV	legriement
sanz	ADP	sans
ceo	DET	ce
qe	SCONJ	que
le	DET	le
coer	NOUN	coer
en	ADP	en
sache	VERB	savoir
plus	ADV	plus
qe	SCONJ	que
le	DET	le
talon	NOUN	talon
.	PUNCT	.
Car	CCONJ	car
a	ADP	a
la	DET	le
foiZe	NOUN	foise
la	DET	le
bouche	NOUN	bouche
parle	NOUN	parler
mal	NOUN	mal
d'	ADP	de
ascune	VERB	ascue
chose	NOUN	chose
,	PUNCT	,
tant	ADV	tant
comme	SCONJ	comme
le	DET	le
coer	NOUN	coer
est	VERB	estre
altre	ADJ	autre
part	NOUN	part
ensoigné	VERB	ensoignier
en	ADP	en
chose	NOUN	chose
qe	SCONJ	que
pis	ADV	pis
vault	VERB	valoir
uncore	ADV	oncorer
;	PUNCT	;
et	CCONJ	et
ensi	ADV	ainsi
me	PRON	je
damagent	NOUN	damage
toutz	DET	tout
diaux	NOUN	duel
a	ADP	a
une	DET	un
foiZe	NOUN	foise
mult	ADV	moult
malement	ADV	malement
.	PUNCT	.
Et	CCONJ	et
jeo	PRON	je
confesse	NOUN	confesser
,	PUNCT	,
beau	ADJ	beau
douce	ADJ	doux
Sires	NOUN	seignor
et	CCONJ	et
Meistres	NOUN	maistre
,	PUNCT	,
et	CCONJ	et
moustre	NOUN	moustre
a	ADP	a
vous	PRON	vous
qe	SCONJ	que
touz	DET	tout
les	DET	le
sept	ADJ	sept
mortels	ADJ	mortel
pecchés	NOUN	péché
sont	VERB	estre
issuz	VERB	issir
par	ADP	par
ma	DET	mon
bouche	NOUN	bouche
et	CCONJ	et
tout	DET	tout
pleyn	ADJ	plein
ariere	NOUN	arrière
venuz	VERB	venir
en	ADP	en
touz	DET	tout
,	PUNCT	,
ceo	DET	ce
pense	NOUN	penser
jeo	PRON	je
ausi	ADV	aussi
,	PUNCT	,
par	ADP	par
ceo	DET	ce
malveis	ADJ	mauvais
pertuz	NOUN	pertur
dequels	NOUN	de.lequel
j'	PRON	je
ai	VERB	avoir
charge	NOUN	charge
a	ADP	a
ma	DET	mon
poure	NOUN	pour
cheitive	ADJ	chaitif
alme	NOUN	alem
de	ADP	de
rendre	VERB	rendre
ent	CCONJ	entre
acounte	ADP	acomter
,	PUNCT	,
alas	VERB	aller
,	PUNCT	,
qi	PRON	qui
serra	VERB	serrer
mult	ADV	moult
tresdolorouse	ADJ	drosclardre
si	ADV	si
vous	PRON	vous
lui	PRON	lui
,	PUNCT	,
tresdouz	DET	troudse
Sire	NOUN	seignor
,	PUNCT	,
ne	ADV	ne
lui	PRON	lui
facetz	NOUN	faite
quitance	NOUN	quitance
et	CCONJ	et
lui	PRON	lui
de	ADP	de
tout	DET	tout
pardonetz	NOUN	pardoner
.	PUNCT	.
Primerement	PROPN	priemmeler
y	ADV	y
passa	VERB	passer
orgoil	NOUN	orgueil
.	PUNCT	.
Ceo	DET	ce
estoit	VERB	estre
quant	SCONJ	cant
jeo	PRON	je
fui	VERB	estre
joesnes	NOUN	joene
et	CCONJ	et
me	PRON	je
senti	VERB	sentir
fort	ADJ	fort
et	CCONJ	et
legier	ADJ	legier
,	PUNCT	,
et	CCONJ	et
me	PRON	je
plesoit	VERB	plaire
ma	DET	mon
bealtee	NOUN	beauté
et	CCONJ	et
ma	DET	mon
taille	NOUN	taille
ou	CCONJ	ou
ma	DET	mon
gentilesce	NOUN	gentille
et	CCONJ	et
les	DET	le
vertus	NOUN	vertu
et	CCONJ	et
graces	NOUN	grace
qe	SCONJ	que
vous	PRON	vous
,	PUNCT	,
Sire	NOUN	seignor
,	PUNCT	,
m'	PRON	je
avetz	NOUN	avoir
ordenee	VERB	ordrenen
pur	ADP	pour
salver	VERB	sauver
m'	PRON	je
alme	NOUN	alem
:	PUNCT	:
de	ADP	de
celes	DET	cel
meismes	ADJ	même
sui	VERB	estre
jeo	PRON	je
tuee	ADJ	tien
ou	CCONJ	ou
a	ADP	a
meyns	NOUN	moins
naffré	VERB	neffré
a	ADP	a
mort	NOUN	mort
,	PUNCT	,
si	ADV	si
jeo	PRON	je
ne	ADV	ne
aie	VERB	avoir
plus	ADV	plus
tost	DET	tost
eide	NOUN	aide
et	CCONJ	et
socour	NOUN	soucher
.	PUNCT	.
Jeo	PRON	je
pensai	NOUN	penser
qe	SCONJ	que
jeo	PRON	je
ne	ADV	ne
resemblai	VERB	resembler
mye	ADJ	mie
as	VERB	a.le
autres	PRON	autre
,	PUNCT	,
mes	DET	mais
qe	SCONJ	que
jeo	PRON	je
les	DET	le
passai	VERB	passer
touz	DET	tout
de	ADP	de
force	NOUN	force
,	PUNCT	,
de	ADP	de
hardement	NOUN	hardement
,	PUNCT	,
de	ADP	de
sens	NOUN	sens
,	PUNCT	,
de	ADP	de
poair	VERB	pöoir
;	PUNCT	;
et	CCONJ	et
de	ADP	de
toutes	DET	tout
altres	PRON	autre
choses	NOUN	chose
me	PRON	je
sembloit	VERB	sembler
qe	SCONJ	que
jeo	PRON	je
sur	ADP	sur
touz	DET	tout
les	DET	le
fesoie	VERB	faire
mens	ADJ	mens
al	ADP.DET	à.le
poynt	VERB	point
.	PUNCT	.
Et	CCONJ	et
tout	DET	tout
ceo	DET	ce
cy	ADV	ci
et	CCONJ	et
uncore	ADV	oncorer
asseez	NOUN	assez
plus	ADV	plus
m'	PRON	je
est	VERB	estre
issuz	VERB	issir
par	ADP	par
la	DET	le
bouche	NOUN	bouche
et	CCONJ	et
mult	ADV	moult
sovent	ADJ	sovent
:	PUNCT	:
comme	SCONJ	comme
de	ADP	de
moi	PRON	je
meismes	ADJ	même
vaunter	VERB	valonté
et	CCONJ	et
sovent	ADJ	sovent
mentir	VERB	mentir
pur	ADP	pour
estre	VERB	estre
plus	ADV	plus
honourés	NOUN	honorer
,	PUNCT	,
par	ADP	par
qai	PRON	qua
jeo	PRON	je
entrai	VERB	entrer
mult	ADV	moult
de	ADP	de
foiZe	NOUN	foise
en	ADP	en
grante	ADJ	grant
gloire	NOUN	gloire
q'	SCONJ	que
estoit	VERB	estre
mult	ADV	moult
veyne	NOUN	veine
et	CCONJ	et
en	ADP	en
blamai	VERB	blamand
autres	PRON	autre
s'	DET	soi
il	PRON	il
ne	ADV	ne
tenissent	VERB	tenir
qe	SCONJ	que
jeo	PRON	je
feusse	NOUN	être
tiel	ADJ	tel
comme	SCONJ	comme
jeo	PRON	je
meismes	ADJ	même
me	PRON	je
fesoie	VERB	faire
.	PUNCT	.
Et	CCONJ	et
me	PRON	je
vantoie	VERB	vanter
asseez	NOUN	assez
de	ADP	de
foiZes	NOUN	foise
des	ADP.DET	de.le
choses	NOUN	chose
qe	SCONJ	que
jeo	PRON	je
ne	ADV	ne
poai	NOUN	pöoir
ou	CCONJ	ou
savoie	VERB	savoir
,	PUNCT	,
dont	PRON	dont
riens	NOUN	rien
estoit	VERB	estre
,	PUNCT	,
et	CCONJ	et
orgoillousement	NOUN	orgoillosement
parler	VERB	parler
as	VERB	a.le
poures	NOUN	pouvoir
gientz	NOUN	jeter
.	PUNCT	.
Et	CCONJ	et
,	PUNCT	,
douz	ADJ	douz
Sires	NOUN	seignor
,	PUNCT	,
comment	ADV	comment
qe	SCONJ	que
jeo	PRON	je
disse	VERB	dire
qe	SCONJ	que
jeo	PRON	je
ceo	DET	ce
fesoie	VERB	faire
en	ADP	en
enfance	NOUN	enfance
,	PUNCT	,
pur	ADP	pour
ceo	DET	ce
ne	ADV	ne
me	PRON	je
doie	VERB	devoir
jeo	PRON	je
,	PUNCT	,
ne	ADV	ne
me	PRON	je
voille	NOUN	voloir
,	PUNCT	,
excuser	VERB	excuser
de	ADP	de
temps	NOUN	temps
de	ADP	de
mayntesnant	NOUN	maintenant
,	PUNCT	,
mes	DET	mais
bien	NOUN	bien
conoistre	VERB	conoistre
qe	SCONJ	que
jeo	PRON	je
suit	VERB	seidre
mult	ADV	moult
vileynement	ADV	vilement
ore	NOUN	ore
entecché	VERB	entechocher
de	ADP	de
ceo	DET	ce
meismes	ADJ	même
pecché	NOUN	péché
:	PUNCT	:
car	CCONJ	car
malement	ADV	malement
sai	VERB	savoir
jeo	PRON	je
uncore	ADV	oncorer
ma	DET	mon
bouche	NOUN	bouche
garder	VERB	garder
qe	SCONJ	que
de	ADP	de
un	DET	un
petit	ADJ	petit
bien	NOUN	bien
il	PRON	il
ne	ADV	ne
fait	VERB	faire
un	DET	un
grant	ADJ	grant
male	ADJ	mal
pur	ADP	pour
estre	VERB	estre
plus	ADV	plus
prisez	NOUN	prisier
;	PUNCT	;
et	CCONJ	et
ceo	DET	ce
enporte	NOUN	entrepor
la	DET	le
merite	NOUN	merite
toute	DET	tout
.	PUNCT	.
Et	CCONJ	et
puis	NOUN	puis
,	PUNCT	,
beau	ADJ	beau
Sire	NOUN	seignor
Dieux	PROPN	dieu
,	PUNCT	,
moustre	NOUN	moustre
jeo	PRON	je
,	PUNCT	,
s'	DET	soi
il	PRON	il
vous	PRON	vous
plest	NOUN	plaire
,	PUNCT	,
comment	ADV	comment
envye	NOUN	envie
est	VERB	estre
passee	NOUN	passer
par	ADP	par
my	NOUN	moi
ma	DET	mon
bouche	NOUN	bouche
;	PUNCT	;
et	CCONJ	et
puys	NOUN	puis
cy	ADV	ci
apres	ADV	après
ausi	ADV	aussi
coment	VERB	comment
il	PRON	il
retourne	VERB	retourner
par	ADP	par
la	DET	le
bouche	NOUN	bouche
et	CCONJ	et
par	ADP	par
autres	PRON	autre
lieus	NOUN	lieu
.	PUNCT	.
Envye	PROPN	envie
est	VERB	estre
ensi	ADV	ainsi
passee	NOUN	passer
qe	SCONJ	que
la	DET	le
ou	CCONJ	ou
un	DET	un
de	ADP	de
mes	DET	mais
freres	NOUN	frere
estoit	VERB	estre
plus	ADV	plus
prisez	NOUN	prisier
de	ADP	de
moi	PRON	je
-	PUNCT	-
et	CCONJ	et
ceo	DET	ce
avenoit	VERB	avenir
sovent	ADJ	sovent
comme	SCONJ	comme
reson	NOUN	reson
le	DET	le
dovoit	VERB	dover
.	PUNCT	.
Ore	NOUN	or
jeo	PRON	je
appelle	VERB	appeler
touz	DET	tout
freres	NOUN	frere
qui	PRON	qui
sumes	NOUN	sume
proemes	NOUN	prometer
,	PUNCT	,
et	CCONJ	et
comme	SCONJ	comme
freres	NOUN	frere
nous	PRON	nous
devorons	VERB	devoir
amer	VERB	amer
l'	DET	le
un	DET	un
l'	DET	le
autre	ADJ	autre
et	CCONJ	et
voloir	VERB	voloir
le	DET	le
bien	NOUN	bien
l'	DET	le
un	DET	un
de	ADP	de
l'	DET	le
autre	ADJ	autre
et	CCONJ	et
plus	ADV	plus
tost	DET	tost
acrestre	VERB	acrester
qe	SCONJ	que
apeticer	VERB	appéterie
.	PUNCT	.
Mes	CCONJ	mais
de	ADP	de
ceo	DET	ce
,	PUNCT	,
Sire	NOUN	seignor
,	PUNCT	,
in	PRON	in
ai	VERB	avoir
jeo	PRON	je
fait	VERB	faire
tout	DET	tout
le	DET	le
contraire	ADJ	contraire
,	PUNCT	,
car	CCONJ	car
jeo	PRON	je
les	DET	le
ai	VERB	avoir
malement	ADV	malement
tolu	VERB	tolir
ceo	DET	ce
qe	SCONJ	que
vous	PRON	vous
lour	DET	lour
avietz	VERB	avié
doné	VERB	doner
,	PUNCT	,
et	CCONJ	et
ceo	DET	ce
meynt	ADJ	metre
foiZe	NOUN	foise
,	PUNCT	,
par	ADP	par
ma	DET	mon
bouche	NOUN	bouche
,	PUNCT	,
comme	SCONJ	comme
de	ADP	de
vertues	NOUN	vertu
et	CCONJ	et
de	ADP	de
graces	NOUN	grace
qe	SCONJ	que
de	ADP	de
vous	PRON	vous
venoient	VERB	venir
:	PUNCT	:
jeo	PRON	je
les	DET	le
lour	DET	lour
toloie	VERB	tolir
par	ADP	par
maudire	VERB	maudire
de	ADP	de
eaux	NOUN	eux
,	PUNCT	,
ou	CCONJ	ou
les	DET	le
dorroie	VERB	dorëir
un	DET	un
tiel	ADJ	tel
pris	NOUN	prendre
qe	SCONJ	que
ne	ADV	ne
vauroit	VERB	vouloir
mye	ADJ	mie
meyns	NOUN	moins
d'	ADP	de
un	DET	un
blasme	NOUN	blasme
;	PUNCT	;
et	CCONJ	et
si	ADV	si
jeo	PRON	je
seusse	ADJ	sol
un	DET	un
mal	NOUN	mal
et	CCONJ	et
cent	DET	cent
biens	NOUN	bien
,	PUNCT	,
jeo	PRON	je
dirroie	VERB	dire
le	DET	le
male	ADJ	mal
plus	ADV	plus
tost	DET	tost
cente	DET	cent
foiZe	NOUN	foise
qe	SCONJ	que
le	DET	le
bien	NOUN	bien
un	DET	un
foiZe	NOUN	foise
;	PUNCT	;
et	CCONJ	et
toutes	DET	tout
les	DET	le
choses	NOUN	chose
qe	SCONJ	que
jeo	PRON	je
poai	NOUN	pöoir
ymaginer	VERB	imaginer
a	ADP	a
dire	VERB	dire
qe	SCONJ	que
purroit	VERB	pouvoir
autri	ADJ	autre
pris	NOUN	prendre
abatier	VERB	abatre
et	CCONJ	et
le	DET	le
mien	ADJ	mien
enhaucer	VERB	encomair
,	PUNCT	,
trop	ADV	trop
estoit	VERB	estre
ma	DET	mon
male	ADJ	mal
bouche	NOUN	bouche
et	CCONJ	et
est	VERB	estre
uncore	ADV	oncorer
,	PUNCT	,
tantqe	DET	tant
jeo	PRON	je
par	ADP	par
vostre	DET	vostre
grace	NOUN	grace
en	ADP	en
soie	NOUN	estre
garriz	VERB	garir
et	CCONJ	et
sauvez	VERB	sauve
,	PUNCT	,
apparillez	VERB	appareiller
de	ADP	de
dire	VERB	dire
ou	CCONJ	ou
de	ADP	de
taere	VERB	taire
,	PUNCT	,
et	CCONJ	et
feust	VERB	être
droit	ADJ	droit
ou	CCONJ	ou
tort	NOUN	tort
,	PUNCT	,
dont	PRON	dont
en	ADP	en
ont	VERB	avoir
le	DET	le
pis	ADV	pis
valu	NOUN	valoir
,	PUNCT	,
et	CCONJ	et
mentier	NOUN	mentir
de	ADP	de
moi	PRON	je
meismes	ADJ	même
et	CCONJ	et
d'	ADP	de
autri	ADJ	autre
,	PUNCT	,
et	CCONJ	et
tout	DET	tout
pur	ADP	pour
les	DET	le
altres	PRON	autre
bons	ADJ	bon
arrerir	VERB	ariere
et	CCONJ	et
moi	PRON	je
metter	VERB	mettre
avant	ADV	avant
.	PUNCT	.
Et	CCONJ	et
ensi	ADV	ainsi
est	VERB	estre
envye	NOUN	envie
passee	NOUN	passer
par	ADP	par
my	NOUN	moi
ma	DET	mon
bouche	NOUN	bouche
en	ADP	en
issant	VERB	issir
mult	ADV	moult
sovent	ADJ	sovent
.	PUNCT	.
Apres	ADP	après
si	ADV	si
est	VERB	estre
sailli	VERB	salir
ausi	ADV	aussi
par	ADP	par
ma	DET	mon
bouche	NOUN	bouche
le	DET	le
pecché	NOUN	péché
de	ADP	de
ire	NOUN	ire
mult	ADV	moult
anguisousement	ADV	angoissier
et	CCONJ	et
sovent	ADJ	sovent
sanz	ADP	sans
en	ADP	en
avoir	VERB	avoir
bone	ADJ	bon
discrecion	NOUN	dichors
de	ADP	de
droit	ADJ	droit
ou	CCONJ	ou
nule	DET	nul
,	PUNCT	,
de	ADP	de
qoi	PRON	coi
tout	DET	tout
pleyn	ADJ	plein
en	ADP	en
ont	VERB	avoir
eu	VERB	avoir
damage	NOUN	damage
mult	ADV	moult
grant	ADJ	grant
comme	SCONJ	comme
en	ADP	en
ma	DET	mon
forsenerie	NOUN	forsener
comander	VERB	comander
et	CCONJ	et
exciter	VERB	éciter
de	ADP	de
tuer	VERB	tuer
,	PUNCT	,
de	ADP	de
batre	VERB	batre
et	CCONJ	et
maheigner	VERB	mahaignier
,	PUNCT	,
et	CCONJ	et
autres	PRON	autre
grantz	ADJ	grant
maux	NOUN	mal
affaire	NOUN	affaire
et	CCONJ	et
despys	VERB	despire
a	ADP	a
mon	DET	mon
proeme	NOUN	prometre
mon	DET	mon
frere	NOUN	frere
,	PUNCT	,
et	CCONJ	et
ceo	DET	ce
plus	ADV	plus
a	ADP	a
tort	NOUN	tort
qe	SCONJ	que
a	ADP	a
droit	ADJ	droit
.	PUNCT	.
Et	CCONJ	et
poi	NOUN	pöoir
ou	CCONJ	ou
riens	NOUN	rien
ai	VERB	avoir
jeo	PRON	je
lessee	VERB	laissier
a	ADP	a
dire	VERB	dire
touz	DET	tout
ces	DET	ce
maux	NOUN	mal
pur	ADP	pour
la	DET	le
reverence	NOUN	reverce
de	ADP	de
vous	PRON	vous
,	PUNCT	,
beau	ADJ	beau
Sire	NOUN	seignor
Dieux	PROPN	dieu
,	PUNCT	,
ne	ADV	ne
pur	ADP	pour
l'	DET	le
amour	NOUN	amour
qe	SCONJ	que
vous	PRON	vous
comandetz	VERB	comander
qe	SCONJ	que
nous	PRON	nous
deusseons	NOUN	deslous
avoir	VERB	avoir
lui	PRON	lui
un	DET	un
a	ADP	a
l'	DET	le
autre	ADJ	autre
.	PUNCT	.
Amour	NOUN	amour
lui	PRON	lui
moustre	NOUN	moustre
jeo	PRON	je
plus	ADV	plus
qe	SCONJ	que
jeo	PRON	je
ne	ADV	ne
face	VERB	faire
a	ADP	a
moi	PRON	je
,	PUNCT	,
de	ADP	de
tant	ADV	tant
comme	SCONJ	comme
la	DET	le
mort	NOUN	mort
est	VERB	estre
plus	ADV	plus
legier	ADJ	legier
qe	SCONJ	que
si	ADV	si
tost	DET	tost
passe	VERB	passer
,	PUNCT	,
encontre	ADP	encontre
l'	DET	le
autre	ADJ	autre
qe	SCONJ	que
dure	ADJ	dur
sanz	ADP	sans
fyn	NOUN	fin
ou	CCONJ	ou
jeo	PRON	je
me	PRON	je
oblige	NOUN	obliger
pur	ADP	pour
la	DET	le
haigne	NOUN	haigne
qe	SCONJ	que
j'	PRON	je
ay	VERB	avoir
a	ADP	a
luy	PRON	lui
et	CCONJ	et
ne	ADV	ne
mye	ADJ	mie
pur	ADP	pour
amour	NOUN	amour
.	PUNCT	.
Et	CCONJ	et
mult	ADV	moult
plus	ADV	plus
feroie	VERB	faire
pur	ADP	pour
haygne	NOUN	haigne
qe	SCONJ	que
pur	ADP	pour
amour	NOUN	amour
.	PUNCT	.
Car	CCONJ	car
je	PRON	je
ne	ADV	ne
sai	VERB	savoir
nul	DET	nul
si	ADV	si
bon	ADJ	bon
amye	NOUN	ami
pur	ADP	pour
qi	PRON	qui
jeo	PRON	je
vorroie	VERB	voir
ycy	ADV	ci
prendre	VERB	prendre
la	DET	le
mort	NOUN	mort
;	PUNCT	;
mes	DET	mais
pur	ADP	pour
moun	DET	mon
enemy	NOUN	ennemi
jeo	PRON	je
serroie	VERB	serrer
tout	DET	tout
prest	NOUN	prest
de	ADP	de
recever	VERB	recevoir
la	DET	le
mort	NOUN	mort
d'	ADP	de
enfern	NOUN	enfer
qe	SCONJ	que
vaut	VERB	valoir
asseez	NOUN	assez
pis	ADV	pis
et	CCONJ	et
plus	ADV	plus
couste	NOUN	coute
.	PUNCT	.
L'	DET	le
autre	ADJ	autre
si	ADV	si
est	VERB	estre
coveitise	NOUN	coventit
qi	PRON	qui
par	ADP	par
la	DET	le
bouche	NOUN	bouche
s'	DET	soi
en	ADP	en
va	VERB	aler
menue	ADJ	menu
et	CCONJ	et
sovent	ADJ	sovent
:	PUNCT	:
comme	SCONJ	comme
par	ADP	par
estreitement	NOUN	estreiier
comander	VERB	comander
qe	SCONJ	que
ses	DET	son
biens	NOUN	bien
-	PUNCT	-
ou	CCONJ	ou
d'	ADP	de
autri	ADJ	autre
,	PUNCT	,
qe	SCONJ	que
pis	ADV	pis
vaut	VERB	valoir
-	PUNCT	-
soient	VERB	estre
tost	DET	tost
levez	VERB	lever
,	PUNCT	,
sanz	ADP	sans
esparnier	VERB	esparminer
ascunes	NOUN	ascuser
poures	NOUN	pouvoir
,	PUNCT	,
qe	SCONJ	que
tout	DET	tout
soit	VERB	estre
assemblé	VERB	assemblée
et	CCONJ	et
bien	NOUN	bien
gardé	NOUN	garder
et	CCONJ	et
nomement	ADV	nommer
de	ADP	de
ceaux	ADJ	cela
qe	SCONJ	que
plus	ADV	plus
grant	ADJ	grant
mestier	NOUN	mestier
en	ADP	en
averont	VERB	averner
et	CCONJ	et
de	ADP	de
plus	ADV	plus
bosoignous	ADJ	boushagne
.	PUNCT	.
Mes	CCONJ	mais
la	DET	le
ou	CCONJ	ou
jeo	PRON	je
quideroie	VERB	quardier
a	ADP	a
puchacer	VERB	puchecar
ascune	VERB	ascue
bone	ADJ	bon
terre	NOUN	terre
ou	CCONJ	ou
chastel	NOUN	chastel
,	PUNCT	,
ou	CCONJ	ou
beau	ADJ	beau
manoir	VERB	manoir
,	PUNCT	,
la	DET	le
bouche	NOUN	bouche
serroit	VERB	estre
tout	DET	tout
prest	NOUN	prest
a	ADP	a
largement	NOUN	largement
comander	VERB	comander
qe	SCONJ	que
riens	NOUN	rien
ne	ADV	ne
feust	VERB	être
a	ADP	a
ceo	DET	ce
esparnié	VERB	esparminer
,	PUNCT	,
et	CCONJ	et
plus	ADV	plus
pur	ADP	pour
le	DET	le
profit	NOUN	profit
qe	SCONJ	que
pur	ADP	pour
la	DET	le
beauté	NOUN	beauté
;	PUNCT	;
et	CCONJ	et
si	ADV	si
jeo	PRON	je
ne	ADV	ne
puissee	NOUN	pöoir
plus	ADV	plus
faire	VERB	faire
,	PUNCT	,
grant	ADJ	grant
joie	NOUN	joie
ai	VERB	avoir
de	ADP	de
soheider	VERB	soser
les	DET	le
biens	NOUN	bien
d'	ADP	de
autri	ADJ	autre
,	PUNCT	,
a	ADP	a
qi	PRON	qui
ils	PRON	il
sont	VERB	estre
meultz	DET	moult
asseez	NOUN	assez
emploiez	VERB	employer
q'	SCONJ	que
ils	PRON	il
ne	ADV	ne
serroient	VERB	serrent
en	ADP	en
moi	PRON	je
certes	ADV	certes
.	PUNCT	.
Et	CCONJ	et
nulement	NOUN	nousement
ne	ADV	ne
me	PRON	je
puisse	VERB	pöoir
jeo	PRON	je
tenir	VERB	tenir
apaiee	VERB	apaiier
de	ADP	de
ceo	DET	ce
qe	SCONJ	que
vous	PRON	vous
m'	PRON	je
avetz	NOUN	avoir
envoié	VERB	envoyer
,	PUNCT	,
beau	ADJ	beau
douce	ADJ	doux
Sire	NOUN	seignor
,	PUNCT	,
mes	DET	mais
touz	DET	tout
jours	NOUN	jour
est	VERB	estre
ma	DET	mon
male	ADJ	mal
bouche	NOUN	bouche
overte	VERB	ovrir
pur	ADP	pour
demander	VERB	demander
asseez	NOUN	assez
,	PUNCT	,
soit	VERB	estre
ceo	DET	ce
par	ADP	par
bele	ADJ	bel
priere	NOUN	priier
,	PUNCT	,
ou	CCONJ	ou
par	ADP	par
le	DET	le
demander	VERB	demander
vilement	ADV	vilement
,	PUNCT	,
ou	CCONJ	ou
par	ADP	par
manacer	VERB	mancher
ascun	ADP	ascu
pur	ADP	pour
lui	PRON	lui
tollir	VERB	tolir
le	DET	le
soen	ADJ	estre
,	PUNCT	,
ou	CCONJ	ou
le	DET	le
dire	VERB	dire
:	PUNCT	:
«	PUNCT	"
Jeo	PRON	je
le	DET	le
voille	NOUN	voloir
avoir	VERB	avoir
:	PUNCT	:
aletz	VERB	aler
,	PUNCT	,
si	ADV	si
le	DET	le
me	PRON	je
queretz	NOUN	querre
»	PUNCT	"
;	PUNCT	;
et	CCONJ	et
meynte	ADJ	mettre
bele	ADJ	bel
parole	NOUN	parole
est	VERB	estre
issue	VERB	issue
de	ADP	de
ma	DET	mon
bouche	NOUN	bouche
vers	ADP	vers
celui	DET	cel
qi	PRON	qui
jeo	PRON	je
pensoie	NOUN	penser
q'	SCONJ	que
estoit	VERB	estre
riches	ADJ	riche
,	PUNCT	,
pur	ADP	pour
le	DET	le
plus	ADV	plus
tost	DET	tost
avoir	VERB	avoir
de	ADP	de
soen	ADJ	estre
et	CCONJ	et
pur	ADP	pour
nule	DET	nul
autre	ADJ	autre
amour	NOUN	amour
,	PUNCT	,
et	CCONJ	et
mult	ADV	moult
tost	DET	tost
le	DET	le
disoie	VERB	dire
:	PUNCT	:
«	PUNCT	"
Sire	NOUN	seignor
,	PUNCT	,
si	ADV	si
vous	PRON	vous
voillietz	NOUN	vouloir
riens	NOUN	rien
qe	SCONJ	que
jeo	PRON	je
puisse	VERB	pöoir
faire	VERB	faire
,	PUNCT	,
jeo	PRON	je
le	DET	le
frai	NOUN	frain
.	PUNCT	.
»	PUNCT	"
Et	CCONJ	et
tout	DET	tout
estoit	VERB	estre
pur	ADP	pour
ceo	DET	ce
qe	SCONJ	que
jeo	PRON	je
voudroi	DET	voloir
q'	SCONJ	que
il	PRON	il
eust	VERB	avoir
ensi	ADV	ainsi
dit	VERB	dire
a	ADP	a
moi	PRON	je
,	PUNCT	,
car	CCONJ	car
bien	NOUN	bien
savoie	VERB	savoir
qe	SCONJ	que
plus	ADV	plus
tost	DET	tost
averoie	VERB	avoir
jeo	PRON	je
affaire	NOUN	affaire
de	ADP	de
lui	PRON	lui
q'	SCONJ	que
il	PRON	il
de	ADP	de
moi	PRON	je
;	PUNCT	;
et	CCONJ	et
a	ADP	a
poures	NOUN	pouvoir
doner	VERB	doner
ne	ADV	ne
savoit	VERB	savoir
ma	DET	mon
lange	NOUN	lange
aler	VERB	aler
ne	ADV	ne
ma	DET	mon
bouche	NOUN	bouche
parler	VERB	parler
.	PUNCT	.
Et	CCONJ	et
si	ADV	si
jeo	PRON	je
su	NOUN	su
,	PUNCT	,
Sire	NOUN	seignor
,	PUNCT	,
en	ADP	en
ascune	VERB	ascue
manere	NOUN	mener
riche	ADJ	riche
,	PUNCT	,
jeo	PRON	je
serrai	VERB	serrer
comme	SCONJ	comme
en	ADP	en
un	DET	un
baign	NOUN	baignier
quant	SCONJ	cant
jeo	PRON	je
en	ADP	en
purrai	VERB	pouvoir
asseez	NOUN	assez
parler	VERB	parler
et	CCONJ	et
dire	VERB	dire
:	PUNCT	:
«	PUNCT	"
J'	PRON	je
ai	VERB	avoir
tant	ADV	tant
et	CCONJ	et
tant	ADV	tant
.	PUNCT	.
»	PUNCT	"
,	PUNCT	,
mes	DET	mais
je	PRON	je
ne	ADV	ne
dirra	VERB	dire
dont	PRON	dont
ceo	DET	ce
vient	VERB	venir
ne	ADV	ne
comme	SCONJ	comme
a	ADP	a
tort	NOUN	tort
je	PRON	je
l'	DET	le
ay	VERB	avoir
aquys	VERB	aucui
.	PUNCT	.
A	ADP	a
!	PUNCT	!
beau	ADJ	beau
Sire	NOUN	seignor
Dieux	PROPN	dieu
,	PUNCT	,
si	ADV	si
jeo	PRON	je
eusse	VERB	avoir
eu	VERB	avoir
,	PUNCT	,
tout	DET	tout
mon	DET	mon
vivant	VERB	vivre
,	PUNCT	,
atant	VERB	atendre
de	ADP	de
coveitise	NOUN	coventit
apres	ADV	après
le	DET	le
Roialme	PROPN	royalement
de	ADP	de
ciel	NOUN	ciel
comme	SCONJ	comme
j'	PRON	je
ai	VERB	avoir
eu	VERB	avoir
apres	ADV	après
cente	DET	cent
livree	NOUN	livrer
de	ADP	de
terre	NOUN	terre
,	PUNCT	,
certes	ADV	certes
jeo	PRON	je
l'	DET	le
eusse	VERB	avoir
mult	ADV	moult
bien	NOUN	bien
achatee	VERB	acheter
oue	PRON	oeu
l'	DET	le
argent	NOUN	argent
et	CCONJ	et
la	DET	le
curiosité	NOUN	corir
qe	SCONJ	que
j'	PRON	je
ai	VERB	avoir
mys	VERB	mettre
en	ADP	en
la	DET	le
terre	NOUN	terre
purchacer	VERB	prochaurer
.	PUNCT	.
Et	CCONJ	et
toutes	DET	tout
tiels	ADJ	tel
choses	NOUN	chose
ne	ADV	ne
ont	VERB	avoir
estee	VERB	estre
faites	VERB	faire
mye	ADJ	mie
sanz	ADP	sans
meyntes	NOUN	maint
parole	NOUN	parole
qe	SCONJ	que
a	ADP	a
covaitise	NOUN	covaitier
bien	NOUN	bien
appartient	VERB	appartenir
.	PUNCT	.
Et	CCONJ	et
ausi	ADV	aussi
la	DET	le
ou	CCONJ	ou
jeo	PRON	je
ne	ADV	ne
savoie	VERB	savoir
par	ADP	par
ma	DET	mon
bouche	NOUN	bouche
gaigner	VERB	gagner
altri	PRON	autrir
biens	NOUN	bien
ou	CCONJ	ou
terres	NOUN	terre
,	PUNCT	,
jeo	PRON	je
louai	VERB	louai
bien	NOUN	bien
altres	PRON	autre
bouches	NOUN	bouche
a	ADP	a
parler	VERB	parler
pur	ADP	pour
moi	PRON	je
,	PUNCT	,
comme	SCONJ	comme
par	ADP	par
plederies	NOUN	pledier
ou	CCONJ	ou
par	ADP	par
trop	ADV	trop
legiers	ADJ	legier
jugementz	VERB	jugement
en	ADP	en
ma	DET	mon
courte	VERB	courte
ou	CCONJ	ou
en	ADP	en
altrui	PRON	autrui
,	PUNCT	,
qi	PRON	qui
tout	DET	tout
comme	SCONJ	comme
par	ADP	par
ma	DET	mon
bouche	NOUN	bouche
parloient	VERB	parler
,	PUNCT	,
ou	CCONJ	ou
par	ADP	par
ma	DET	mon
promesse	NOUN	promesse
de	ADP	de
bone	ADJ	bon
louer	VERB	louer
avoir	VERB	avoir
,	PUNCT	,
ou	CCONJ	ou
par	ADP	par
poour	NOUN	pour
de	ADP	de
grandes	ADJ	grand
manaces	NOUN	manceler
;	PUNCT	;
et	CCONJ	et
si	ADV	si
jeo	PRON	je
riens	NOUN	rien
donoie	VERB	doner
,	PUNCT	,
jeo	PRON	je
pensai	NOUN	penser
de	ADP	de
tiels	ADJ	tel
X	DET	deux
avoir	VERB	avoir
al	ADP.DET	à.le
meyns	NOUN	moins
.	PUNCT	.
Ore	NOUN	or
,	PUNCT	,
beau	ADJ	beau
Sire	NOUN	seignor
Dieux	PROPN	dieu
,	PUNCT	,
jeo	PRON	je
vous	PRON	vous
ai	VERB	avoir
dit	VERB	dire
de	ADP	de
ceste	DET	cest
plaie	NOUN	plaie
de	ADP	de
la	DET	le
coveitise	NOUN	coventit
qe	SCONJ	que
s'	DET	soi
en	ADP	en
ist	VERB	issir
par	ADP	par
la	DET	le
senglant	NOUN	sanglant
bouche	NOUN	bouche
et	CCONJ	et
mostree	NOUN	mostrer
al	ADP.DET	à.le
meultz	DET	moult
qe	SCONJ	que
jeo	PRON	je
sai	VERB	savoir
;	PUNCT	;
et	CCONJ	et
si	ADV	si
plus	ADV	plus
en	ADP	en
puisse	VERB	pöoir
savoir	VERB	savoir
par	ADP	par
vostre	DET	vostre
grace	NOUN	grace
,	PUNCT	,
jeo	PRON	je
uncore	ADV	oncorer
en	ADP	en
parlerai	VERB	parler
,	PUNCT	,
a	ADP	a
tout	DET	tout
overtement	NOUN	ovreté
descoverir	VERB	descovrir
le	DET	le
male	ADJ	mal
.	PUNCT	.
Or	ADV	or
alons	NOUN	aler
,	PUNCT	,
douz	ADJ	douz
Sire	NOUN	seignor
Jesus	PROPN	jesus
Crist	PROPN	crist
,	PUNCT	,
a	ADP	a
moustrer	VERB	moustroy
de	ADP	de
male	ADJ	mal
glotonye	NOUN	glotinement
,	PUNCT	,
q'	SCONJ	que
est	VERB	estre
ausi	ADV	aussi
bien	NOUN	bien
sovent	ADJ	sovent
passee	NOUN	passer
par	ADP	par
my	NOUN	moi
ma	DET	mon
bouche	NOUN	bouche
meyn	NOUN	mener
et	CCONJ	et
tard	ADV	tard
:	PUNCT	:
comme	SCONJ	comme
par	ADP	par
deviser	VERB	deviser
et	CCONJ	et
estroitement	NOUN	estroitier
comander	VERB	comander
qe	SCONJ	que
,	PUNCT	,
pur	ADP	pour
riens	NOUN	rien
q'	SCONJ	que
elles	PRON	elle
peussent	VERB	pouvoir
coustre	VERB	coutre
ces	DET	ce
riches	ADJ	riche
viandes	NOUN	venir
,	PUNCT	,
homme	NOUN	homme
ne	ADV	ne
lessee	VERB	laissier
des	ADP.DET	de.le
les	DET	le
avoir	VERB	avoir
,	PUNCT	,
et	CCONJ	et
puis	NOUN	puis
,	PUNCT	,
q'	SCONJ	que
elles	PRON	elle
soient	VERB	estre
faites	VERB	faire
si	ADV	si
deliciouses	ADJ	délicer
comme	SCONJ	comme
homme	NOUN	homme
plus	ADV	plus
purra	VERB	pouvoir
et	CCONJ	et
oue	PRON	oeu
si	ADV	si
bones	ADJ	bon
espices	NOUN	espece
,	PUNCT	,
puis	NOUN	puis
les	DET	le
sauces	NOUN	sauf
qe	SCONJ	que
soient	VERB	estre
bien	NOUN	bien
poignantes	NOUN	poindre
,	PUNCT	,
pur	ADP	pour
faire	VERB	faire
la	DET	le
bouche	NOUN	bouche
plus	ADV	plus
devorer	VERB	devoir
qe	SCONJ	que
mestier	NOUN	mestier
ne	ADV	ne
serroit	VERB	estre
ou	CCONJ	ou
preu	ADJ	pro
.	PUNCT	.
Et	CCONJ	et
ensi	ADV	ainsi
va	VERB	aler
de	ADP	de
ces	DET	ce
boires	NOUN	boire
,	PUNCT	,
pur	ADP	pour
deviser	VERB	deviser
si	ADV	si
de	ADP	de
coer	NOUN	coer
coment	VERB	comment
homme	NOUN	homme
poet	VERB	pöoir
avoir	VERB	avoir
le	DET	le
vyn	NOUN	vin
blanc	ADJ	blanc
et	CCONJ	et
rouge	NOUN	rouge
et	CCONJ	et
comander	VERB	comander
q'	SCONJ	que
ils	PRON	il
soient	VERB	estre
fortz	NOUN	fort
pur	ADP	pour
faire	VERB	faire
moi	PRON	je
et	CCONJ	et
les	DET	le
autres	PRON	autre
hors	ADV	hors
de	ADP	de
sens	NOUN	sens
-	PUNCT	-
car	CCONJ	car
bien	NOUN	bien
y	ADV	y
est	VERB	estre
celui	DET	cel
q'	SCONJ	que
est	VERB	estre
yvres	NOUN	ivre
.	PUNCT	.
Pur	ADP	pour
ceo	DET	ce
n'	ADV	ne
est	VERB	estre
pas	NOUN	pas
qe	SCONJ	que
les	DET	le
seigneurs	NOUN	seigneur
et	CCONJ	et
altres	PRON	autre
solonc	NOUN	solont
lour	DET	lour
estat	NOUN	état
q'	SCONJ	que
il	PRON	il
ne	ADV	ne
covigne	VERB	colinin
faire	VERB	faire
si	ADV	si
comme	SCONJ	comme
a	ADP	a
lour	DET	lour
estat	NOUN	état
demande	VERB	demander
:	PUNCT	:
mesqe	NOUN	mêce
ceo	DET	ce
saroit	NOUN	sarret
par	ADP	par
atant	VERB	atendre
passer	VERB	passer
,	PUNCT	,
bien	NOUN	bien
serroit	VERB	estre
.	PUNCT	.
Mes	CCONJ	mais
certes	ADV	certes
,	PUNCT	,
Sire	NOUN	seignor
,	PUNCT	,
ceo	DET	ce
ne	ADV	ne
su	NOUN	su
jeo	PRON	je
mye	ADJ	mie
:	PUNCT	:
car	CCONJ	car
par	ADP	par
trop	ADV	trop
grant	ADJ	grant
delit	NOUN	delit
en	ADP	en
ai	VERB	avoir
jeo	PRON	je
sovent	ADJ	sovent
parlee	NOUN	parler
en	ADP	en
devisant	VERB	deviser
,	PUNCT	,
en	ADP	en
sohaidant	VERB	soarain
,	PUNCT	,
ou	CCONJ	ou
en	ADP	en
recordant	VERB	recorder
de	ADP	de
temps	NOUN	temps
passee	NOUN	passer
et	CCONJ	et
plus	ADV	plus
pur	ADP	pour
deliter	VERB	delitier
la	DET	le
bouche	NOUN	bouche
qe	SCONJ	que
pur	ADP	pour
profiter	VERB	profiter
al	ADP.DET	à.le
corps	NOUN	corps
.	PUNCT	.
Et	CCONJ	et
bien	NOUN	bien
poet	VERB	pöoir
homme	NOUN	homme
savoir	VERB	savoir
qe	SCONJ	que
la	DET	le
bouche	NOUN	bouche
est	VERB	estre
fausse	NOUN	fausse
et	CCONJ	et
malveise	ADJ	mauvais
devers	ADP	devers
ses	DET	son
meistres	NOUN	maistre
.	PUNCT	.
Ses	DET	son
meistres	NOUN	maistre
sont	VERB	estre
le	DET	le
corps	NOUN	corps
et	CCONJ	et
alme	NOUN	alem
;	PUNCT	;
et	CCONJ	et
mesqe	NOUN	mêce
il	PRON	il
puisse	VERB	pöoir
avoir	VERB	avoir
le	DET	le
coer	NOUN	coer
de	ADP	de
soun	DET	son
acord	NOUN	acorder
et	CCONJ	et
q'	SCONJ	que
il	PRON	il
face	VERB	faire
lur	DET	leur
volunté	NOUN	volonté
,	PUNCT	,
il	PRON	il
lur	DET	leur
suffist	VERB	souffrir
,	PUNCT	,
la	DET	le
quele	DET	quel
tourne	NOUN	tourner
sovent	ADJ	sovent
a	ADP	a
grant	ADJ	grant
male	ADJ	mal
et	CCONJ	et
enuye	VERB	enoiier
al	ADP.DET	à.le
corps	NOUN	corps
et	CCONJ	et
alme	NOUN	alem
,	PUNCT	,
et	CCONJ	et
plus	ADV	plus
tost	DET	tost
et	CCONJ	et
plus	ADV	plus
voluntiers	ADV	volontiers
ferront	VERB	ferrer
lour	DET	lour
damage	NOUN	damage
qe	SCONJ	que
lour	DET	lour
preu	ADJ	pro
.	PUNCT	.
Et	CCONJ	et
ausi	ADV	aussi
les	DET	le
espices	NOUN	espece
deviser	VERB	deviser
trop	ADV	trop
chaudes	NOUN	chaude
ne	ADV	ne
trop	ADV	trop
froides	NOUN	froide
,	PUNCT	,
mes	DET	mais
solonc	NOUN	solont
le	DET	le
sesoun	NOUN	sonce
,	PUNCT	,
tout	DET	tout
ceo	DET	ce
cy	ADV	ci
et	CCONJ	et
plus	ADV	plus
asseez	NOUN	assez
par	ADP	par
si	ADV	si
grante	ADJ	grant
curiosité	NOUN	corir
et	CCONJ	et
par	ADP	par
si	ADV	si
grante	ADJ	grant
delit	NOUN	delit
passee	NOUN	passer
par	ADP	par
my	NOUN	moi
ma	DET	mon
bouche	NOUN	bouche
par	ADP	par
le	DET	le
deviser	VERB	deviser
et	CCONJ	et
ordener	VERB	ordrende
-	PUNCT	-
et	CCONJ	et
trop	ADV	trop
bien	NOUN	bien
est	VERB	estre
dit	VERB	dire
l'	DET	le
ordener	VERB	ordrende
,	PUNCT	,
car	CCONJ	car
ord	NOUN	ord
serra	VERB	serrer
cy	ADV	ci
et	CCONJ	et
plus	ADV	plus
ord	NOUN	ord
devant	ADP	devant
vous	PRON	vous
,	PUNCT	,
Sire	NOUN	seignor
,	PUNCT	,
par	ADP	par
droit	ADJ	droit
,	PUNCT	,
car	CCONJ	car
plus	ADV	plus
ord	NOUN	ord
et	CCONJ	et
plus	ADV	plus
abomynable	NOUN	abombamande
serroit	VERB	estre
a	ADP	a
veoir	VERB	vëoir
une	DET	un
lede	ADJ	ledit
chose	NOUN	chose
en	ADP	en
la	DET	le
chambre	NOUN	chambre
le	DET	le
Roy	NOUN	roi
qe	SCONJ	que
dehors	ADP	defors
en	ADP	en
la	DET	le
rue	NOUN	rüe
sur	ADP	sur
le	DET	le
fimer	VERB	fimer
.	PUNCT	.
De	ADP	de
ceo	DET	ce
pecché	NOUN	péché
qe	SCONJ	que
entre	ADP	entre
par	ADP	par
la	DET	le
bouche	NOUN	bouche
jeo	PRON	je
me	PRON	je
soeffrai	VERB	sofrir
uncore	ADV	oncorer
un	DET	un
petit	ADJ	petit
,	PUNCT	,
tantqe	DET	tant
temps	NOUN	temps
et	CCONJ	et
lieu	NOUN	lieu
serra	VERB	serrer
cy	ADV	ci
en	ADP	en
apres	ADV	après
.	PUNCT	.
Mes	CCONJ	mais
,	PUNCT	,
Sire	NOUN	seignor
,	PUNCT	,
j'	PRON	je
ai	VERB	avoir
mult	ADV	moult
sovent	ADJ	sovent
par	ADP	par
ma	DET	mon
bouche	NOUN	bouche
sohaidee	VERB	sosmiee
vostre	DET	vostre
temps	NOUN	temps
precious	ADJ	preciol
escoucer	VERB	escoucher
,	PUNCT	,
comme	SCONJ	comme
par	ADP	par
dire	VERB	dire
:	PUNCT	:
«	PUNCT	"
Jeo	PRON	je
vorroi	VERB	voir
ore	NOUN	ore
qe	SCONJ	que
cest	DET	cest
nuyt	NOUN	nuit
feust	VERB	être
ja	ADV	ja
passee	NOUN	passer
,	PUNCT	,
qe	SCONJ	que
jeo	PRON	je
feusse	NOUN	être
a	ADP	a
disner	VERB	dire
si	ADV	si
comme	SCONJ	comme
je	PRON	je
serrai	VERB	serrer
bien	NOUN	bien
matyn	NOUN	matin
.	PUNCT	.
A	ADP	a
!	PUNCT	!
Dieux	PROPN	dieu
!	PUNCT	!
Comme	SCONJ	comme
jeo	PRON	je
serrai	VERB	serrer
bien	NOUN	bien
a	ADP	a
aeise	NOUN	aaisier
a	ADP	a
commander	VERB	commander
q'	SCONJ	que
il	PRON	il
soit	VERB	estre
prest	NOUN	prest
bien	NOUN	bien
matyn	NOUN	matin
!	PUNCT	!
»	PUNCT	"
Et	CCONJ	et
le	DET	le
jour	NOUN	jour
de	ADP	de
june	ADJ	juien
a	ADP	a
dire	VERB	dire
:	PUNCT	:
«	PUNCT	"
Pernetz	NOUN	pernetre
bone	ADJ	bon
garde	NOUN	garde
qe	SCONJ	que
j'	PRON	je
ai	VERB	avoir
asseez	NOUN	assez
a	ADP	a
manger	VERB	mangier
,	PUNCT	,
car	CCONJ	car
jeo	PRON	je
junai	VERB	juine
hier	ADV	ier
,	PUNCT	,
ou	CCONJ	ou
jeo	PRON	je
june	ADJ	juien
huy	ADV	ui
,	PUNCT	,
ou	CCONJ	ou
je	PRON	je
junerai	VERB	juiner
demayn	NOUN	demain
.	PUNCT	.
»	PUNCT	"
Et	CCONJ	et
ensi	ADV	ainsi
trop	ADV	trop
de	ADP	de
cele	DET	cel
plaie	NOUN	plaie
me	PRON	je
doille	NOUN	doloir
comme	SCONJ	comme
de	ADP	de
la	DET	le
male	ADJ	mal
bouche	NOUN	bouche
,	PUNCT	,
car	CCONJ	car
de	ADP	de
cest	DET	cest
pecché	NOUN	péché
et	CCONJ	et
d'	ADP	de
altres	PRON	autre
s'	DET	soi
en	ADP	en
issent	VERB	issir
par	ADP	par
illoqes	DET	illuec
;	PUNCT	;
et	CCONJ	et
uncore	ADV	oncorer
meuz	VERB	mois
s'	DET	soi
en	ADP	en
purroient	VERB	pouvoir
passer	VERB	passer
,	PUNCT	,
si	ADV	si
ne	ADV	ne
fust	VERB	estre
la	DET	le
male	ADJ	mal
retournee	VERB	retourner
qe	SCONJ	que
jeo	PRON	je
doie	VERB	devoir
apres	ADV	après
moustrer	VERB	moustroy
par	ADP	par
l'	DET	le
eide	NOUN	aide
de	ADP	de
vous	PRON	vous
,	PUNCT	,
beau	ADJ	beau
Sire	NOUN	seignor
Dieux	PROPN	dieu
.	PUNCT	.
Du	ADP.DET	de.le
pecché	NOUN	péché
de	ADP	de
luxurie	NOUN	lureult
ore	NOUN	ore
vous	PRON	vous
en	ADP	en
dirrai	VERB	dire
,	PUNCT	,
qe	SCONJ	que
per	NOUN	per
ma	DET	mon
bouche	NOUN	bouche
court	NOUN	cour
et	CCONJ	et
par	ADP	par
my	NOUN	moi
passe	VERB	passer
mult	ADV	moult
sovent	ADJ	sovent
et	CCONJ	et
en	ADP	en
meynte	ADJ	mettre
male	ADJ	mal
guyse	NOUN	guise
,	PUNCT	,
a	ADP	a
la	DET	le
foiZe	NOUN	foise
comme	SCONJ	comme
prodommes	NOUN	promdos
et	CCONJ	et
autre	ADJ	autre
foiZe	NOUN	foise
comme	SCONJ	comme
larouns	NOUN	larson
,	PUNCT	,
si	ADV	si
qe	SCONJ	que
il	PRON	il
est	VERB	estre
mult	ADV	moult
mal	NOUN	mal
a	ADP	a
conoistre	VERB	conoistre
et	CCONJ	et
pire	NOUN	pire
en	ADP	en
compaignye	NOUN	compagnie
:	PUNCT	:
certes	ADV	certes
,	PUNCT	,
Sire	NOUN	seignor
,	PUNCT	,
jeo	PRON	je
reconoisse	VERB	reconoistre
qe	SCONJ	que
par	ADP	par
ma	DET	mon
bouche	NOUN	bouche
est	VERB	estre
il	PRON	il
sovent	ADJ	sovent
passee	NOUN	passer
en	ADP	en
guyse	NOUN	guise
de	ADP	de
prodommes	NOUN	promdos
,	PUNCT	,
lequel	DET	lequel
j'	PRON	je
ai	VERB	avoir
contrefait	VERB	contrefaire
plus	ADV	plus
en	ADP	en
dit	VERB	dire
qu'	SCONJ	que
en	ADP	en
fait	VERB	faire
,	PUNCT	,
et	CCONJ	et
tout	DET	tout
pur	ADP	pour
engyner	VERB	engiern
les	DET	le
noun	DET	non
sages	ADJ	sage
;	PUNCT	;
et	CCONJ	et
comme	SCONJ	comme
liers	NOUN	lire
venoit	VERB	venir
il	PRON	il
sovent	ADJ	sovent
par	ADP	par
sotyves	ADJ	sotile
paroles	NOUN	parole
et	CCONJ	et
privees	NOUN	prieve
et	CCONJ	et
par	ADP	par
meyntes	NOUN	maint
fauses	NOUN	faus
promesses	NOUN	promesse
qe	SCONJ	que
bien	NOUN	bien
estoient	VERB	estre
foles	NOUN	fol
qi	PRON	qui
les	DET	le
croient	VERB	croire
.	PUNCT	.
Et	CCONJ	et
ausi	ADV	aussi
,	PUNCT	,
tresdouz	DET	troudse
Sire	NOUN	seignor
,	PUNCT	,
mult	ADV	moult
de	ADP	de
foiZe	NOUN	foise
me	PRON	je
sui	VERB	estre
jeo	PRON	je
mult	ADV	moult
delitez	ADJ	delitier
d'	ADP	de
ent	CCONJ	entre
parler	VERB	parler
sanz	ADP	sans
plus	ADV	plus
faire	VERB	faire
et	CCONJ	et
de	ADP	de
me	PRON	je
vaunter	VERB	valonté
qe	SCONJ	que
j'	PRON	je
ai	VERB	avoir
ceo	DET	ce
cy	ADV	ci
fait	VERB	faire
,	PUNCT	,
ou	CCONJ	ou
puisse	VERB	pöoir
tant	ADV	tant
faire	VERB	faire
,	PUNCT	,
ou	CCONJ	ou
dire	VERB	dire
:	PUNCT	:
«	PUNCT	"
De	ADP	de
tiele	NOUN	tel
puisse	VERB	pöoir
jeo	PRON	je
faire	VERB	faire
ma	DET	mon
volunté	NOUN	volonté
ou	CCONJ	ou
ai	VERB	avoir
fait	VERB	faire
,	PUNCT	,
»	PUNCT	"
et	CCONJ	et
mult	ADV	moult
de	ADP	de
foiZe	NOUN	foise
mentir	VERB	mentir
;	PUNCT	;
et	CCONJ	et
en	ADP	en
ceo	DET	ce
le	DET	le
pecché	NOUN	péché
est	VERB	estre
doublee	VERB	doubler
.	PUNCT	.
Et	CCONJ	et
en	ADP	en
autre	ADJ	autre
maners	NOUN	mener
s'	DET	soi
en	ADP	en
ist	VERB	issir
grant	ADJ	grant
pecché	NOUN	péché
de	ADP	de
la	DET	le
male	ADJ	mal
bouche	NOUN	bouche
:	PUNCT	:
quant	SCONJ	cant
n'	ADV	ne
ose	VERB	oser
parler	VERB	parler
a	ADP	a
ascune	VERB	ascue
qe	SCONJ	que
jeo	PRON	je
quide	VERB	quider
q'	SCONJ	que
elle	PRON	elle
serroit	VERB	estre
dangerouse	NOUN	dangeron
,	PUNCT	,
jeo	PRON	je
envoieroi	VERB	envoyer
ascune	VERB	ascue
makerel	NOUN	machelier
a	ADP	a
qi	PRON	qui
jeo	PRON	je
parleroie	VERB	parler
mult	ADV	moult
pitousement	NOUN	pitosement
et	CCONJ	et
dirroi	VERB	dire
:	PUNCT	:
«	PUNCT	"
Jeo	PRON	je
ne	ADV	ne
su	NOUN	su
qe	SCONJ	que
mort	NOUN	mort
,	PUNCT	,
si	ADV	si
vous	PRON	vous
ne	ADV	ne
me	PRON	je
eidetz	VERB	adait
»	PUNCT	"
mes	DET	mais
«	PUNCT	"
Jeo	PRON	je
ne	ADV	ne
su	NOUN	su
qe	SCONJ	que
mort	NOUN	mort
,	PUNCT	,
si	ADV	si
vous	PRON	vous
m'	PRON	je
eideitz	NOUN	aditier
»	PUNCT	"
deusse	VERB	devoir
jeo	PRON	je
dire	VERB	dire
pur	ADP	pour
dire	VERB	dire
voir	ADJ	voir
;	PUNCT	;
et	CCONJ	et
ensi	ADV	ainsi
va	VERB	aler
le	DET	le
mien	ADJ	mien
amy	NOUN	ami
,	PUNCT	,
qe	SCONJ	que
poi	NOUN	pöoir
d'	ADP	de
amisté	NOUN	amité
me	PRON	je
fait	VERB	faire
et	CCONJ	et
se	PRON	se
va	VERB	aler
perdre	VERB	perdre
et	CCONJ	et
moi	PRON	je
ausint	ADV	aussi
.	PUNCT	.
Et	CCONJ	et
tout	DET	tout
vient	VERB	venir
par	ADP	par
my	NOUN	moi
cele	DET	cel
male	ADJ	mal
bouche	NOUN	bouche
en	ADP	en
issant	VERB	issir
;	PUNCT	;
et	CCONJ	et
s'	DET	soi
il	PRON	il
s'	DET	soi
en	ADP	en
alast	VERB	aler
pur	ADP	pour
touz	DET	tout
jours	NOUN	jour
sanz	ADP	sans
retour	NOUN	retour
,	PUNCT	,
le	DET	le
meultz	DET	moult
m'	PRON	je
en	ADP	en
passeroie	VERB	passer
;	PUNCT	;
mes	DET	mais
le	DET	le
revenir	VERB	revenir
me	PRON	je
tue	ADJ	tien
.	PUNCT	.
Et	CCONJ	et
par	ADP	par
ma	DET	mon
bouche	NOUN	bouche
sont	VERB	estre
issu	VERB	issir
meynt	ADJ	metre
chanceon	NOUN	chancher
amerouse	NOUN	ameroner
qe	SCONJ	que
m'	PRON	je
ount	VERB	ont
sovent	ADJ	sovent
trait	VERB	traire
a	ADP	a
pecché	NOUN	péché
et	CCONJ	et
altres	PRON	autre
.	PUNCT	.
Et	CCONJ	et
a	ADP	a
la	DET	le
foiZe	NOUN	foise
ai	VERB	avoir
fait	VERB	faire
autri	ADJ	autre
mal	NOUN	mal
et	CCONJ	et
moun	DET	mon
damage	NOUN	damage
,	PUNCT	,
comme	SCONJ	comme
en	ADP	en
l'	DET	le
office	NOUN	office
de	ADP	de
coureter	VERB	courter
;	PUNCT	;
et	CCONJ	et
tout	DET	tout
n'	ADV	ne
ai	VERB	avoir
jeo	PRON	je
riens	NOUN	rien
a	ADP	a
la	DET	le
foiZe	NOUN	foise
fait	VERB	faire
,	PUNCT	,
mes	DET	mais
,	PUNCT	,
Sire	NOUN	seignor
,	PUNCT	,
si	ADV	si
la	DET	le
volunté	NOUN	volonté
ou	CCONJ	ou
le	DET	le
travaille	NOUN	travaillier
de	ADP	de
la	DET	le
lange	NOUN	lange
feust	VERB	être
a	ADP	a
droit	ADJ	droit
poisee	NOUN	peser
,	PUNCT	,
il	PRON	il
poiseroient	VERB	paistre
tant	ADV	tant
q'	SCONJ	que
il	PRON	il
en	ADP	en
puys	NOUN	puis
d'	ADP	de
enfern	NOUN	enfer
enfondroient	VERB	enfondre
,	PUNCT	,
si	ADV	si
ne	ADV	ne
feust	VERB	être
la	DET	le
mercye	NOUN	mercïer
de	ADP	de
vous	PRON	vous
,	PUNCT	,
tresdouz	DET	troudse
Sires	NOUN	seignor
.	PUNCT	.
Jeo	PRON	je
su	NOUN	su
ore	NOUN	ore
venuz	VERB	venir
au	ADP.DET	a.le
septisme	ADJ	septime
pecché	NOUN	péché
q'	SCONJ	que
omme	NOUN	homme
appele	VERB	appeler
peresce	NOUN	perece
.	PUNCT	.
Cest	DET	cest
pecché	NOUN	péché
ne	ADV	ne
puisse	VERB	pöoir
jeo	PRON	je
retenir	VERB	retenir
,	PUNCT	,
beau	ADJ	beau
douz	ADJ	douz
Sire	NOUN	seignor
Jesus	PROPN	jesus
Crist	PROPN	crist
,	PUNCT	,
qe	SCONJ	que
mult	ADV	moult
apertement	NOUN	apertement
n'	ADV	ne
est	VERB	estre
sailli	VERB	salir
sovent	ADJ	sovent
par	ADP	par
my	NOUN	moi
ma	DET	mon
bouche	NOUN	bouche
.	PUNCT	.
Et	CCONJ	et
si	ADV	si
dist	VERB	dire
homme	NOUN	homme
q'	SCONJ	que
il	PRON	il
est	VERB	estre
lent	VERB	lant
;	PUNCT	;
mes	DET	mais
noun	DET	non
est	VERB	estre
,	PUNCT	,
mes	DET	mais
bien	NOUN	bien
legiers	ADJ	legier
pur	ADP	pour
hors	ADV	hors
saillir	VERB	saillir
et	CCONJ	et
a	ADP	a
pou	ADV	peu
de	ADP	de
peyne	NOUN	peine
au	ADP.DET	a.le
matyn	NOUN	matin
et	CCONJ	et
au	ADP.DET	a.le
soir	NOUN	soir
.	PUNCT	.
Car	CCONJ	car
au	ADP.DET	a.le
matyn	NOUN	matin
,	PUNCT	,
quant	SCONJ	cant
jeo	PRON	je
deusse	VERB	devoir
lever	VERB	lever
pur	ADP	pour
vous	PRON	vous
,	PUNCT	,
Sire	NOUN	seignor
,	PUNCT	,
servir	VERB	servir
et	CCONJ	et
ascune	VERB	ascue
bien	NOUN	bien
faire	VERB	faire
,	PUNCT	,
en	ADP	en
l'	DET	le
eure	NOUN	erer
saut	VERB	salir
par	ADP	par
la	DET	le
bouche	NOUN	bouche
:	PUNCT	:
«	PUNCT	"
Il	PRON	il
est	VERB	estre
uncore	ADV	oncorer
matyn	NOUN	matin
,	PUNCT	,
il	PRON	il
fait	VERB	faire
male	ADJ	mal
temps	NOUN	temps
,	PUNCT	,
nous	PRON	nous
ne	ADV	ne
poons	NOUN	pouvoir
aler	VERB	aler
au	ADP.DET	a.le
boys	NOUN	bois
ne	ADV	ne
en	ADP	en
ryvers	NOUN	riverse
»	PUNCT	"
ou	CCONJ	ou
«	PUNCT	"
Il	PRON	il
est	VERB	estre
jour	NOUN	jour
de	ADP	de
feste	NOUN	fête
,	PUNCT	,
qe	SCONJ	que
ferroi	VERB	ferir
jeo	PRON	je
quant	SCONJ	cant
jeo	PRON	je
serray	VERB	serrair
levee	VERB	lever
,	PUNCT	,
forsqe	NOUN	fors
d'	ADP	de
estre	VERB	estre
plus	ADV	plus
a	ADP	a
male	ADJ	mal
aese	NOUN	aeser
qe	SCONJ	que
jeo	PRON	je
ore	NOUN	ore
ne	ADV	ne
su	NOUN	su
?	PUNCT	?
»	PUNCT	"
Ja	ADV	ja
ne	ADV	ne
me	PRON	je
sovient	VERB	sovenir
,	PUNCT	,
douz	ADJ	douz
Sire	NOUN	seignor
,	PUNCT	,
de	ADP	de
vous	PRON	vous
servir	VERB	servir
ne	ADV	ne
de	ADP	de
vous	PRON	vous
loer	VERB	lore
et	CCONJ	et
graces	NOUN	grace
rendre	VERB	rendre
de	ADP	de
les	DET	le
grantz	ADJ	grant
biens	NOUN	bien
qe	SCONJ	que
vous	PRON	vous
touz	DET	tout
les	DET	le
jours	NOUN	jour
me	PRON	je
envoietz	NOUN	envoiier
et	CCONJ	et
gardetz	NOUN	garder
de	ADP	de
meynt	ADJ	metre
male	ADJ	mal
,	PUNCT	,
dormant	NOUN	dormir
et	CCONJ	et
veillant	ADJ	veillier
;	PUNCT	;
ne	ADV	ne
de	ADP	de
nul	DET	nul
altre	ADJ	autre
bien	NOUN	bien
me	PRON	je
sovient	VERB	sovenir
qi	PRON	qui
poet	VERB	pöoir
a	ADP	a
la	DET	le
cheitive	ADJ	chaitif
alme	NOUN	alem
riens	NOUN	rien
eider	VERB	aidier
,	PUNCT	,
fors	ADV	fors
a	ADP	a
dire	VERB	dire
:	PUNCT	:
«	PUNCT	"
Lesseez	VERB	laisser
moi	PRON	je
dormir	VERB	dormir
ou	CCONJ	ou
penser	VERB	penser
en	ADP	en
mes	DET	mais
amours	NOUN	amour
.	PUNCT	.
Les	DET	le
matyns	NOUN	matin
et	CCONJ	et
les	DET	le
heures	NOUN	heure
attendront	VERB	attendre
bien	NOUN	bien
tantqe	DET	tant
a	ADP	a
altre	ADJ	autre
foiZe	NOUN	foise
.	PUNCT	.
»	PUNCT	"
Et	CCONJ	et
si	ADV	si
ascune	VERB	ascue
bon	ADJ	bon
amy	NOUN	ami
me	PRON	je
dist	VERB	dire
:	PUNCT	:
«	PUNCT	"
Pur	ADP	pour
qei	PRON	que
faitez	VERB	faire
vous	PRON	vous
ceaux	ADJ	cela
mals	NOUN	mal
,	PUNCT	,
ou	CCONJ	ou
lessetz	VERB	laissier
ces	DET	ce
biens	NOUN	bien
affaire	NOUN	affaire
tieux	DET	tel
et	CCONJ	et
tieux	DET	tel
?	PUNCT	?
»	PUNCT	"
,	PUNCT	,
tanttost	ADV	tantost
dirra	VERB	dire
:	PUNCT	:
«	PUNCT	"
Il	PRON	il
serra	VERB	serrer
fait	VERB	faire
en	ADP	en
l'	DET	le
eure	NOUN	erer
.	PUNCT	.
»	PUNCT	"
Mes	CCONJ	mais
cele	DET	cel
heure	NOUN	heure
va	VERB	aler
si	ADV	si
belement	NOUN	belement
le	DET	le
pas	NOUN	pas
qe	SCONJ	que
a	ADP	a
peyne	NOUN	peine
vient	VERB	venir
il	PRON	il
a	ADP	a
temps	NOUN	temps
;	PUNCT	;
et	CCONJ	et
s'	DET	soi
il	PRON	il
ne	ADV	ne
vient	VERB	venir
a	ADP	a
temps	NOUN	temps
,	PUNCT	,
il	PRON	il
ne	ADV	ne
vient	VERB	venir
jammes	NOUN	jamme
.	PUNCT	.
Jeo	PRON	je
sai	VERB	savoir
ausi	ADV	aussi
trop	ADV	trop
bien	NOUN	bien
dire	VERB	dire
a	ADP	a
soir	NOUN	soir
:	PUNCT	:
«	PUNCT	"
Alons	VERB	aler
cocher	VERB	cocher
et	CCONJ	et
gardetz	NOUN	garder
qe	SCONJ	que
le	DET	le
lit	NOUN	lit
soit	VERB	estre
bien	NOUN	bien
fait	VERB	faire
a	ADP	a
aise	NOUN	aise
,	PUNCT	,
si	ADV	si
qe	SCONJ	que
je	PRON	je
puisse	VERB	pöoir
veoir	VERB	vëoir
comme	SCONJ	comme
longement	ADV	longuement
jeo	PRON	je
puisse	VERB	pöoir
dormir	VERB	dormir
;	PUNCT	;
et	CCONJ	et
si	ADV	si
jeo	PRON	je
faille	NOUN	faille
de	ADP	de
Messe	NOUN	messe
,	PUNCT	,
jeo	PRON	je
en	ADP	en
orroie	VERB	öir
demeyn	ADJ	demain
diaux	NOUN	duel
.	PUNCT	.
»	PUNCT	"
Ceo	DET	ce
purroie	VERB	pouvoir
jeo	PRON	je
dire	VERB	dire
:	PUNCT	:
«	PUNCT	"
par	ADP	par
aventure	NOUN	aventure
et	CCONJ	et
si	ADV	si
Dieux	PROPN	dieu
plest	NOUN	plaire
,	PUNCT	,
»	PUNCT	"
car	CCONJ	car
bele	ADJ	bel
aventure	NOUN	aventure
est	VERB	estre
ceo	DET	ce
,	PUNCT	,
s'	DET	soi
il	PRON	il
plest	NOUN	plaire
a	ADP	a
vous	PRON	vous
,	PUNCT	,
beau	ADJ	beau
Sire	NOUN	seignor
Dieux	PROPN	dieu
,	PUNCT	,
qe	SCONJ	que
jeo	PRON	je
vive	ADJ	vif
si	ADV	si
longement	ADV	longuement
qe	SCONJ	que
jeo	PRON	je
puisse	VERB	pöoir
ajourner	VERB	ajourneur
jesqes	NOUN	jesque
a	ADP	a
demeyn	ADJ	demain
mes	DET	mais
dettes	NOUN	dette
a	ADP	a
paier	VERB	payer
-	PUNCT	-
ces	DET	ce
sont	VERB	estre
les	DET	le
dettes	NOUN	dette
dues	NOUN	due
al	ADP.DET	à.le
alme	NOUN	alem
et	CCONJ	et
jeo	PRON	je
ne	ADV	ne
sai	VERB	savoir
si	ADV	si
ele	PRON	il
demeure	NOUN	demeurer
tantqe	DET	tant
a	ADP	a
demeyn	ADJ	demain
ovesqe	NOUN	ovec
moi	PRON	je
;	PUNCT	;
et	CCONJ	et
si	ADV	si
elle	PRON	elle
s'	DET	soi
en	ADP	en
va	VERB	aler
,	PUNCT	,
jeo	PRON	je
sai	VERB	savoir
bien	NOUN	bien
qe	SCONJ	que
le	DET	le
paiement	NOUN	paiement
lui	PRON	lui
serroit	VERB	estre
mestier	NOUN	mestier
.	PUNCT	.
Et	CCONJ	et
mult	ADV	moult
de	ADP	de
foiZe	NOUN	foise
ai	VERB	avoir
jeo	PRON	je
mys	VERB	mettre
en	ADP	en
respit	NOUN	respit
ascune	VERB	ascue
bone	ADJ	bon
chose	NOUN	chose
et	CCONJ	et
ai	VERB	avoir
dit	VERB	dire
:	PUNCT	:
«	PUNCT	"
Attendons	VERB	attendre
tantqe	DET	tant
a	ADP	a
demeyn	ADJ	demain
ou	CCONJ	ou
plus	ADV	plus
avant	ADV	avant
,	PUNCT	,
comme	SCONJ	comme
de	ADP	de
jugementz	VERB	jugement
rendre	VERB	rendre
,	PUNCT	,
ou	CCONJ	ou
d'	ADP	de
aumoignes	NOUN	aumône
faire	VERB	faire
oue	PRON	oeu
acorde	NOUN	acorder
entre	ADP	entre
bones	ADJ	bon
gientz	NOUN	jeter
,	PUNCT	,
et	CCONJ	et
mult	ADV	moult
d'	ADP	de
autre	ADJ	autre
bones	ADJ	bon
choses	NOUN	chose
qe	SCONJ	que
par	ADP	par
delaye	NOUN	delaiier
se	PRON	se
perdent	VERB	perdre
pur	ADP	pour
tout	DET	tout
pleyn	ADJ	plein
d'	ADP	de
enpechementz	NOUN	empêchement
qe	SCONJ	que
sovent	ADJ	sovent
en	ADP	en
venent	VERB	venir
,	PUNCT	,
et	CCONJ	et
jammes	NOUN	jamme
ne	ADV	ne
serront	VERB	estre
fait	VERB	faire
.	PUNCT	.
Et	CCONJ	et
par	ADP	par
Dame	NOUN	dame
Peresce	NOUN	perece
sont	VERB	estre
ensi	ADV	ainsi
les	DET	le
biens	NOUN	bien
perduz	VERB	perdre
.	PUNCT	.
Et	CCONJ	et
ausi	ADV	aussi
par	ADP	par
cele	DET	cel
male	ADJ	mal
enchanteresce	NOUN	enchanter
ai	VERB	avoir
jeo	PRON	je
fausement	NOUN	fausement
jugee	VERB	juger
,	PUNCT	,
comme	SCONJ	comme
par	ADP	par
defaute	ADJ	défaute
de	ADP	de
la	DET	le
verité	NOUN	vérité
bien	NOUN	bien
et	CCONJ	et
diligeaument	NOUN	dilmement
enqueré	VERB	enquerre
ou	CCONJ	ou
seue	ADJ	soe
devant	ADP	devant
le	DET	le
jugement	NOUN	jugement
rendu	VERB	rendre
.	PUNCT	.
Trespuissant	PROPN	trépaussin
Sires	NOUN	seignor
et	CCONJ	et
tresdoucez	VERB	doux
,	PUNCT	,
solonc	NOUN	solont
la	DET	le
grace	NOUN	grace
qe	SCONJ	que
vous	PRON	vous
m'	PRON	je
avetz	NOUN	avoir
donee	VERB	doner
,	PUNCT	,
jeo	PRON	je
vous	PRON	vous
ai	VERB	avoir
descovert	VERB	descovrir
et	CCONJ	et
,	PUNCT	,
ausi	ADV	aussi
pleynement	NOUN	pleinement
comme	SCONJ	comme
jeo	PRON	je
sai	VERB	savoir
,	PUNCT	,
moustree	NOUN	moustre
coment	VERB	comment
les	DET	le
sept	ADJ	sept
mortels	ADJ	mortel
pecchez	NOUN	peché
sont	VERB	estre
issuz	VERB	issir
par	ADP	par
my	NOUN	moi
ma	DET	mon
bouche	NOUN	bouche
malveise	ADJ	mauvais
.	PUNCT	.
Jeo	PRON	je
la	DET	le
puisse	VERB	pöoir
bien	NOUN	bien
dire	VERB	dire
maveise	NOUN	mavaisel
,	PUNCT	,
car	CCONJ	car
mult	ADV	moult
de	ADP	de
male	ADJ	mal
y	ADV	y
entre	ADP	entre
ausi	ADV	aussi
bien	NOUN	bien
comme	SCONJ	comme
s'	DET	soi
en	ADP	en
ist	VERB	issir
,	PUNCT	,
si	ADV	si
comme	SCONJ	comme
,	PUNCT	,
douz	ADJ	douz
Sirez	NOUN	sire
,	PUNCT	,
oue	PRON	oeu
l'	DET	le
eide	NOUN	aide
de	ADP	de
vous	PRON	vous
,	PUNCT	,
jeo	PRON	je
moustrai	VERB	moustrir
coment	VERB	comment
ils	PRON	il
sont	VERB	estre
ensi	ADV	ainsi
entree	NOUN	entree
.	PUNCT	.
Si	ADV	si
grante	ADJ	grant
est	VERB	estre
la	DET	le
presse	NOUN	presse
des	ADP.DET	de.le
entrantez	VERB	entretenir
,	PUNCT	,
qe	SCONJ	que
touz	DET	tout
ne	ADV	ne
poent	VERB	pöoir
pas	NOUN	pas
par	ADP	par
cele	DET	cel
malerouse	ADJ	malëuros
porte	NOUN	porte
de	ADP	de
la	DET	le
bouche	NOUN	bouche
entrer	VERB	entrer
,	PUNCT	,
mes	DET	mais
se	PRON	se
mettent	VERB	mettre
eynz	ADV	ainz
par	ADP	par
les	DET	le
sept	ADJ	sept
portes	NOUN	porte
ou	CCONJ	ou
il	PRON	il
plus	ADV	plus
tost	DET	tost
poent	VERB	pöoir
-	PUNCT	-
c'	CCONJ	ce
est	VERB	estre
a	ADP	a
entendre	VERB	entendre
par	ADP	par
toutes	DET	tout
les	DET	le
sept	ADJ	sept
plaies	NOUN	plaie
qe	SCONJ	que
j'	PRON	je
ai	VERB	avoir
devant	ADP	devant
nomez	VERB	nomer
.	PUNCT	.
Mes	CCONJ	mais
il	PRON	il
ne	ADV	ne
seroit	VERB	estre
mye	ADJ	mie
reson	NOUN	reson
de	ADP	de
moustrer	VERB	moustroy
comment	ADV	comment
ils	PRON	il
sont	VERB	estre
entrez	VERB	entrer
en	ADP	en
celles	DET	cil
plaies	NOUN	plaie
qe	SCONJ	que
jeo	PRON	je
n'	ADV	ne
ai	VERB	avoir
mye	ADJ	mie
uncore	ADV	oncorer
descovertez	VERB	descovrir
,	PUNCT	,
comme	SCONJ	comme
de	ADP	de
meyns	NOUN	moins
,	PUNCT	,
de	ADP	de
pieez	NOUN	pié
,	PUNCT	,
de	ADP	de
coer	NOUN	coer
,	PUNCT	,
tantqe	DET	tant
heure	NOUN	heure
en	ADP	en
soit	VERB	estre
;	PUNCT	;
mes	DET	mais
tout	DET	tout
par	ADP	par
ordre	NOUN	ordre
comencerons	NOUN	comencier
a	ADP	a
la	DET	le
plaie	NOUN	plaie
de	ADP	de
l'	DET	le
oraille	NOUN	oraille
,	PUNCT	,
coment	VERB	comment
ele	PRON	il
receit	VERB	recet
orgoil	NOUN	orgueil
;	PUNCT	;
et	CCONJ	et
une	DET	un
partie	NOUN	partie
s'	DET	soi
en	ADP	en
est	VERB	estre
touchee	VERB	toucher
devant	ADP	devant
la	DET	le
ou	CCONJ	ou
jeo	PRON	je
de	ADP	de
cele	DET	cel
orde	NOUN	ord
plaie	NOUN	plaie
le	DET	le
mal	NOUN	mal
descovre	VERB	descovrir
.	PUNCT	.
Mes	CCONJ	mais
quant	SCONJ	cant
en	ADP	en
l'	DET	le
oraille	NOUN	oraille
entre	ADP	entre
riens	NOUN	rien
de	ADP	de
qoi	PRON	coi
le	DET	le
coer	NOUN	coer
en	ADP	en
prent	VERB	prendre
orgoil	NOUN	orgueil
,	PUNCT	,
soit	VERB	estre
de	ADP	de
chose	NOUN	chose
qe	SCONJ	que
ist	VERB	issir
par	ADP	par
la	DET	le
bouche	NOUN	bouche
ou	CCONJ	ou
altrement	ADV	autrement
,	PUNCT	,
quant	SCONJ	cant
il	PRON	il
revient	VERB	revenir
,	PUNCT	,
trop	ADV	trop
est	VERB	estre
lede	ADJ	ledit
,	PUNCT	,
soit	VERB	estre
par	ADP	par
l'	DET	le
oraille	NOUN	oraille
,	PUNCT	,
par	ADP	par
le	DET	le
oil	NOUN	oui
,	PUNCT	,
ou	CCONJ	ou
par	ADP	par
le	DET	le
nees	NOUN	naistre
.	PUNCT	.
Et	CCONJ	et
l'	DET	le
oraille	NOUN	oraille
et	CCONJ	et
l'	DET	le
oil	NOUN	oui
lessent	VERB	laissier
entrer	VERB	entrer
orgoil	NOUN	orgueil
en	ADP	en
une	DET	un
manere	NOUN	mener
,	PUNCT	,
et	CCONJ	et
c'	CCONJ	ce
est	VERB	estre
par	ADP	par
le	DET	le
rejoier	VERB	rejoire
de	ADP	de
ascune	VERB	ascue
petit	ADJ	petit
terrien	ADJ	terrien
honour	NOUN	honneur
qe	SCONJ	que
me	PRON	je
vient	VERB	venir
entrer	VERB	entrer
les	DET	le
orailles	NOUN	oraille
et	CCONJ	et
les	DET	le
oeux	NOUN	oeux
et	CCONJ	et
est	VERB	estre
issue	VERB	issue
de	ADP	de
la	DET	le
bouche	NOUN	bouche
,	PUNCT	,
comme	SCONJ	comme
quant	SCONJ	cant
ascun	ADP	ascu
flaters	NOUN	flatter
dirroit	VERB	dire
;	PUNCT	;
«	PUNCT	"
Seynt	ADJ	saint
Marie	PROPN	marie
!	PUNCT	!
Qe	SCONJ	que
vous	PRON	vous
avetz	NOUN	avoir
bien	NOUN	bien
parlee	NOUN	parler
huy	ADV	ui
et	CCONJ	et
sagement	NOUN	sagement
,	PUNCT	,
ou	CCONJ	ou
hardyment	NOUN	hardement
!	PUNCT	!
»	PUNCT	"
et	CCONJ	et
ensi	ADV	ainsi
revient	VERB	revenir
orgoil	NOUN	orgueil
de	ADP	de
la	DET	le
bouche	NOUN	bouche
par	ADP	par
l'	DET	le
oraille	NOUN	oraille
;	PUNCT	;
et	CCONJ	et
par	ADP	par
l'	DET	le
oil	NOUN	oui
,	PUNCT	,
quant	SCONJ	cant
jeo	PRON	je
voie	NOUN	voie
qe	SCONJ	que
pur	ADP	pour
ascune	VERB	ascue
chose	NOUN	chose
qe	SCONJ	que
j'	PRON	je
ai	VERB	avoir
vantee	VERB	vanter
et	CCONJ	et
menti	VERB	mentir
de	ADP	de
moi	PRON	je
meismes	ADJ	même
,	PUNCT	,
qe	SCONJ	que
homme	NOUN	homme
me	PRON	je
porte	NOUN	porte
plus	ADV	plus
de	ADP	de
honour	NOUN	honneur
et	CCONJ	et
de	ADP	de
reverence	NOUN	reverce
,	PUNCT	,
ou	CCONJ	ou
me	PRON	je
doute	ADJ	doute
homme	NOUN	homme
plus	ADV	plus
;	PUNCT	;
et	CCONJ	et
ausi	ADV	aussi
de	ADP	de
toute	DET	tout
le	DET	le
plus	ADV	plus
de	ADP	de
quantqe	SCONJ	cantque
vous	PRON	vous
m'	PRON	je
avetz	NOUN	avoir
,	PUNCT	,
douz	ADJ	douz
Sire	NOUN	seignor
,	PUNCT	,
envoiee	VERB	envoyer
,	PUNCT	,
feust	VERB	être
de	ADP	de
graces	NOUN	grace
ou	CCONJ	ou
de	ADP	de
vertus	NOUN	vertu
,	PUNCT	,
ne	ADV	ne
m'	PRON	je
est	VERB	estre
pas	NOUN	pas
ensi	ADV	ainsi
entree	NOUN	entree
par	ADP	par
l'	DET	le
oil	NOUN	oui
ou	CCONJ	ou
par	ADP	par
l'	DET	le
oraille	NOUN	oraille
,	PUNCT	,
mes	DET	mais
tout	DET	tout
ai	VERB	avoir
jeo	PRON	je
tourné	VERB	tourner
en	ADP	en
orgoil	NOUN	orgueil
,	PUNCT	,
et	CCONJ	et
en	ADP	en
cele	DET	cel
guyse	NOUN	guise
est	VERB	estre
y	ADV	y
entree	NOUN	entree
.	PUNCT	.
Et	CCONJ	et
du	ADP.DET	de.le
nees	NOUN	naistre
ne	ADV	ne
sai	VERB	savoir
jeo	PRON	je
gaires	ADV	gaire
dire	VERB	dire
de	ADP	de
bien	NOUN	bien
ne	ADV	ne
mult	ADV	moult
de	ADP	de
male	ADJ	mal
plus	ADV	plus
qe	SCONJ	que
devant	ADP	devant
n'	ADV	ne
ai	VERB	avoir
dit	VERB	dire
.	PUNCT	.
Mes	CCONJ	mais
tant	ADV	tant
sai	VERB	savoir
du	ADP.DET	de.le
nees	NOUN	naistre
,	PUNCT	,
qe	SCONJ	que
si	ADV	si
un	DET	un
poures	NOUN	pouvoir
eust	VERB	avoir
ascune	VERB	ascue
male	ADJ	mal
qe	SCONJ	que
par	ADP	par
aventure	NOUN	aventure
flerisist	VERB	flerir
mal	NOUN	mal
,	PUNCT	,
jeo	PRON	je
sui	VERB	estre
tout	DET	tout
certeyn	ADJ	certein
qe	SCONJ	que
jeo	PRON	je
n'	ADV	ne
endurroie	VERB	endorcir
mye	ADJ	mie
si	ADV	si
bien	NOUN	bien
de	ADP	de
le	DET	le
flerer	VERB	flarer
comme	SCONJ	comme
il	PRON	il
ferroit	VERB	ferir
moi	PRON	je
,	PUNCT	,
tout	DET	tout
eusse	VERB	avoir
jeo	PRON	je
son	DET	son
mal	NOUN	mal
.	PUNCT	.
Ore	NOUN	or
ne	ADV	ne
sai	VERB	savoir
jeo	PRON	je
qe	SCONJ	que
c'	CCONJ	ce
est	VERB	estre
forsqe	NOUN	fors
orgoil	NOUN	orgueil
,	PUNCT	,
car	CCONJ	car
d'	ADP	de
ausi	ADV	aussi
orde	NOUN	ord
terre	NOUN	terre
su	NOUN	su
jeo	PRON	je
fait	VERB	faire
comme	SCONJ	comme
il	PRON	il
est	VERB	estre
,	PUNCT	,
mes	DET	mais
il	PRON	il
est	VERB	estre
meyns	NOUN	moins
escoymous	NOUN	escompue
et	CCONJ	et
jeo	PRON	je
meyns	NOUN	moins
humble	ADJ	humble
:	PUNCT	:
altre	ADJ	autre
chose	NOUN	chose
n'	ADV	ne
est	VERB	estre
il	PRON	il
poynt	VERB	point
.	PUNCT	.
De	ADP	de
cele	DET	cel
maudite	VERB	maudire
bouche	NOUN	bouche
ne	ADV	ne
me	PRON	je
puisse	VERB	pöoir
jeo	PRON	je
si	ADV	si
briefment	NOUN	brief_(de
passer	VERB	passer
par	ADP	par
droit	ADJ	droit
,	PUNCT	,
ne	ADV	ne
si	ADV	si
voille	NOUN	voloir
.	PUNCT	.
Car	CCONJ	car
,	PUNCT	,
tresdouz	DET	troudse
Sires	NOUN	seignor
,	PUNCT	,
jeo	PRON	je
conoys	NOUN	conoistre
qe	SCONJ	que
l'	DET	le
orgoil	NOUN	orgueil
qe	SCONJ	que
par	ADP	par
ma	DET	mon
bouche	NOUN	bouche
est	VERB	estre
issu	VERB	issir
en	ADP	en
est	VERB	estre
revenuz	VERB	revenir
a	ADP	a
mult	ADV	moult
grante	ADJ	grant
foison	NOUN	foison
.	PUNCT	.
Et	CCONJ	et
d'	ADP	de
un	DET	un
chose	NOUN	chose
,	PUNCT	,
beau	ADJ	beau
douz	ADJ	douz
Sire	NOUN	seignor
Jesus	PROPN	jesus
Crist	PROPN	crist
,	PUNCT	,
doi	NOUN	devoir
jeo	PRON	je
par	ADP	par
grante	ADJ	grant
honte	NOUN	honte
et	CCONJ	et
grante	ADJ	grant
doute	ADJ	doute
regeier	VERB	regaire
d'	ADP	de
un	DET	un
trogrant	ADJ	trongar
et	CCONJ	et
tromalerous	NOUN	trompaule
orgoil	NOUN	orgueil
qe	SCONJ	que
par	ADP	par
ma	DET	mon
bouche	NOUN	bouche
est	VERB	estre
entree	NOUN	entree
:	PUNCT	:
c'	CCONJ	ce
est	VERB	estre
,	PUNCT	,
Sire	NOUN	seignor
,	PUNCT	,
quant	SCONJ	cant
jeo	PRON	je
noun	DET	non
dignes	ADJ	digne
deusse	VERB	devoir
receivoir	VERB	recevoir
vostre	DET	vostre
precious	ADJ	preciol
corps	NOUN	corps
,	PUNCT	,
qe	SCONJ	que
jeo	PRON	je
suy	VERB	estre
mye	ADJ	mie
taunt	ADV	tantou
humiliez	NOUN	humilité
qe	SCONJ	que
j'	PRON	je
ai	VERB	avoir
humblement	ADV	humblement
recounz	VERB	reconoistre
mes	DET	mais
pecchés	NOUN	péché
a	ADP	a
prestre	NOUN	prestre
,	PUNCT	,
ne	ADV	ne
a	ADP	a
vous	PRON	vous
,	PUNCT	,
Sire	NOUN	seignor
,	PUNCT	,
criee	VERB	crïer
mercye	NOUN	mercïer
ne	ADV	ne
de	ADP	de
coer	NOUN	coer
priee	NOUN	priier
pardoun	NOUN	pardoner
,	PUNCT	,
ne	ADV	ne
mes	DET	mais
pecchés	NOUN	péché
ai	VERB	avoir
pensee	NOUN	penser
a	ADP	a
lesser	VERB	laissier
,	PUNCT	,
et	CCONJ	et
vois	NOUN	aler
mult	ADV	moult
baudement	NOUN	bautement
,	PUNCT	,
si	ADV	si
prens	NOUN	prendre
,	PUNCT	,
en	ADP	en
lieu	NOUN	lieu
de	ADP	de
vous	PRON	vous
,	PUNCT	,
Sire	NOUN	seignor
,	PUNCT	,
q'	SCONJ	que
estes	VERB	estre
mon	DET	mon
salveour	NOUN	sauveur
,	PUNCT	,
li	DET	le
ord	NOUN	ord
diable	NOUN	dïable
d'	ADP	de
enfern	NOUN	enfer
q'	SCONJ	que
est	VERB	estre
confondour	NOUN	confondre
de	ADP	de
touz	DET	tout
les	DET	le
malveis	ADJ	mauvais
.	PUNCT	.
Alas	PROPN	aller
!	PUNCT	!
Qel	DET	quel
change	NOUN	changier
cy	ADV	ci
a	ADP	a
!	PUNCT	!
Et	CCONJ	et
ne	ADV	ne
purroit	VERB	pouvoir
homme	NOUN	homme
pas	NOUN	pas
dire	VERB	dire
par	ADP	par
reson	NOUN	reson
qe	SCONJ	que
plus	ADV	plus
orgoillous	ADJ	orgoillos
deveroit	VERB	devoir
estre	VERB	estre
homme	NOUN	homme
pur	ADP	pour
herberger	VERB	herbergier
un	DET	un
si	ADV	si
grante	ADJ	grant
seignur	NOUN	seigneur
,	PUNCT	,
si	ADV	si
douz	ADJ	douz
,	PUNCT	,
si	ADV	si
bone	ADJ	bon
,	PUNCT	,
et	CCONJ	et
si	ADV	si
puissant	ADJ	poissant
comme	SCONJ	comme
vous	PRON	vous
estes	VERB	estre
,	PUNCT	,
tresdouz	DET	troudse
Sires	NOUN	seignor
,	PUNCT	,
et	CCONJ	et
qe	SCONJ	que
venetz	NOUN	venir
tout	DET	tout
pur	ADP	pour
mon	DET	mon
profit	NOUN	profit
,	PUNCT	,
qe	SCONJ	que
de	ADP	de
l'	DET	le
autre	ADJ	autre
q'	SCONJ	que
est	VERB	estre
si	ADV	si
malveis	ADJ	mauvais
,	PUNCT	,
si	ADV	si
ord	NOUN	ord
,	PUNCT	,
si	ADV	si
puaunt	ADJ	pueux
,	PUNCT	,
et	CCONJ	et
ne	ADV	ne
vient	VERB	venir
forsqe	NOUN	fors
pur	ADP	pour
mon	DET	mon
grant	ADJ	grant
damage	NOUN	damage
et	CCONJ	et
de	ADP	de
me	PRON	je
faire	VERB	faire
tout	DET	tout
le	DET	le
mal	NOUN	mal
q'	SCONJ	que
onqes	ADV	onque
poet	VERB	pöoir
?	PUNCT	?
Plus	ADV	plus
leez	VERB	lëer
en	ADP	en
doie	VERB	devoir
jeo	PRON	je
estre	VERB	estre
et	CCONJ	et
plus	ADV	plus
joiant	ADJ	joiant
de	ADP	de
vous	PRON	vous
,	PUNCT	,
tresdouz	DET	troudse
Sires	NOUN	seignor
.	PUNCT	.
Et	CCONJ	et
l'	DET	le
orgoil	NOUN	orgueil
covient	VERB	covenir
aler	VERB	aler
la	DET	le
dont	PRON	dont
il	PRON	il
vient	VERB	venir
;	PUNCT	;
et	CCONJ	et
par	ADP	par
raison	NOUN	raison
poet	VERB	pöoir
homme	NOUN	homme
bien	NOUN	bien
savoir	VERB	savoir
qe	SCONJ	que
diaux	NOUN	duel
fortz	NOUN	fort
enemys	NOUN	ennemi
nepoent	VERB	nepor
pas	NOUN	pas
sanz	ADP	sans
truyeves	ADJ	trover
bien	NOUN	bien
estre	VERB	estre
herbergeez	VERB	herberger
ensemble	ADV	ensemble
en	ADP	en
une	DET	un
petite	ADJ	petit
maison	NOUN	maison
pesiblement	ADV	pesemble
.	PUNCT	.
Et	CCONJ	et
les	DET	le
plus	ADV	plus
fortz	NOUN	fort
enemys	NOUN	ennemi
,	PUNCT	,
qe	SCONJ	que
sont	VERB	estre
?	PUNCT	?
C'	CCONJ	ce
estes	VERB	estre
vous	PRON	vous
,	PUNCT	,
Sire	NOUN	seignor
,	PUNCT	,
et	CCONJ	et
orgoil	NOUN	orgueil
,	PUNCT	,
et	CCONJ	et
lui	PRON	lui
diable	NOUN	dïable
et	CCONJ	et
humilité	NOUN	humilité
;	PUNCT	;
et	CCONJ	et
si	ADV	si
n'	ADV	ne
y	ADV	y
a	ADP	a
jammes	NOUN	jamme
treves	NOUN	trever
ne	ADV	ne
soeffrance	NOUN	sofoir
,	PUNCT	,
mes	DET	mais
touz	DET	tout
jours	NOUN	jour
grante	ADJ	grant
guerre	NOUN	guerre
.	PUNCT	.
Car	CCONJ	car
vous	PRON	vous
,	PUNCT	,
Sire	NOUN	seignor
,	PUNCT	,
et	CCONJ	et
humilité	NOUN	humilité
estes	VERB	estre
amys	NOUN	ami
et	CCONJ	et
comme	SCONJ	comme
tout	DET	tout
une	DET	un
,	PUNCT	,
et	CCONJ	et
ausi	ADV	aussi
est	VERB	estre
lui	PRON	lui
diables	NOUN	dïable
et	CCONJ	et
orgoil	NOUN	orgueil
tout	DET	tout
une	DET	un
;	PUNCT	;
siqe	NOUN	siec
,	PUNCT	,
quant	SCONJ	cant
j'	PRON	je
ai	VERB	avoir
orgoil	NOUN	orgueil
en	ADP	en
mon	DET	mon
coer	NOUN	coer
herbergee	VERB	herberger
,	PUNCT	,
jeo	PRON	je
sai	VERB	savoir
bien	NOUN	bien
,	PUNCT	,
Sire	NOUN	seignor
,	PUNCT	,
qe	SCONJ	que
vous	PRON	vous
n'	ADV	ne
avetz	NOUN	avoir
cure	NOUN	cure
d'	ADP	de
entrer	VERB	entrer
par	ADP	par
la	DET	le
bouche	NOUN	bouche
ne	ADV	ne
altrement	ADV	autrement
,	PUNCT	,
ne	ADV	ne
y	ADV	y
demorer	VERB	demorer
;	PUNCT	;
et	CCONJ	et
si	ADV	si
come	SCONJ	come
l'	DET	le
en	ADP	en
dit	VERB	dire
,	PUNCT	,
ceo	DET	ce
qe	SCONJ	que
a	ADP	a
l'	DET	le
un	DET	un
ne	ADV	ne
plest	NOUN	plaire
a	ADP	a
l'	DET	le
autre	ADJ	autre
plest	NOUN	plaire
,	PUNCT	,
et	CCONJ	et
ceo	DET	ce
avient	VERB	avenir
sovent	ADJ	sovent
de	ADP	de
diaux	NOUN	duel
contraires	ADJ	contraire
:	PUNCT	:
si	ADV	si
qe	SCONJ	que
quant	SCONJ	cant
il	PRON	il
ne	ADV	ne
vous	PRON	vous
plest	NOUN	plaire
,	PUNCT	,
Sire	NOUN	seignor
,	PUNCT	,
a	ADP	a
entrer	VERB	entrer
,	PUNCT	,
si	ADV	si
vient	VERB	venir
le	DET	le
diable	NOUN	dïable
q'	SCONJ	que
est	VERB	estre
par	ADP	par
droit	ADJ	droit
orgoil	NOUN	orgueil
appellee	VERB	appeler
,	PUNCT	,
car	CCONJ	car
orgoil	NOUN	orgueil
estoit	VERB	estre
il	PRON	il
avant	ADV	avant
qe	SCONJ	que
le	DET	le
diable	NOUN	dïable
;	PUNCT	;
et	CCONJ	et
par	ADP	par
cel	DET	cel
meismes	ADJ	même
reson	NOUN	reson
estes	VERB	estre
vous	PRON	vous
,	PUNCT	,
tresdouz	DET	troudse
Sirez	NOUN	sire
,	PUNCT	,
appellé	VERB	appeler
humblesce	NOUN	humblet
,	PUNCT	,
car	CCONJ	car
avant	ADV	avant
estoietz	NOUN	être
vous	PRON	vous
humbles	ADJ	humble
qe	SCONJ	que
Jesus	PROPN	jesus
Crist	PROPN	crist
,	PUNCT	,
si	ADV	si
comme	SCONJ	comme
bien	NOUN	bien
apiert	VERB	apertir
en	ADP	en
la	DET	le
seynte	NOUN	saint
Escripture	NOUN	écrituce
de	ADP	de
la	DET	le
Bible	ADJ	bichel
et	CCONJ	et
alliours	NOUN	alleur
.	PUNCT	.
Et	CCONJ	et
pur	ADP	pour
ceo	DET	ce
qe	SCONJ	que
la	DET	le
matire	NOUN	matir
est	VERB	estre
si	ADV	si
savoree	VERB	savoir
come	SCONJ	come
de	ADP	de
parler	VERB	parler
,	PUNCT	,
tresdouz	DET	troudse
Sire	NOUN	seignor
,	PUNCT	,
de	ADP	de
vostre	DET	vostre
humblesce	NOUN	humblet
,	PUNCT	,
qe	SCONJ	que
a	ADP	a
droit	ADJ	droit
le	DET	le
saveroit	VERB	savoir
faire	VERB	faire
et	CCONJ	et
qi	PRON	qui
en	ADP	en
serroit	VERB	estre
dignes	ADJ	digne
;	PUNCT	;
mes	DET	mais
moi	PRON	je
,	PUNCT	,
qi	PRON	qui
ai	VERB	avoir
la	DET	le
bouche	NOUN	bouche
si	ADV	si
envenymee	NOUN	envinement
de	ADP	de
meynt	ADJ	metre
ord	NOUN	ord
pecché	NOUN	péché
,	PUNCT	,
coment	VERB	comment
serroie	VERB	serrer
jeo	PRON	je
si	ADV	si
hardys	ADJ	hardi
qe	SCONJ	que
jeo	PRON	je
si	ADV	si
haute	ADJ	haut
chose	NOUN	chose
entreprensise	NOUN	entreprendre
,	PUNCT	,
de	ADP	de
si	ADV	si
come	SCONJ	come
jeo	PRON	je
ne	ADV	ne
su	NOUN	su
clers	NOUN	cler
ne	ADV	ne
si	ADV	si
purveu	NOUN	pouvoir
de	ADP	de
sen	DET	son
naturel	NOUN	nature
qe	SCONJ	que
jeo	PRON	je
l'	DET	le
osase	VERB	oser
enprendre	VERB	emprendre
ne	ADV	ne
n'	ADV	ne
ai	VERB	avoir
usee	VERB	user
mon	DET	mon
temps	NOUN	temps
forsqe	NOUN	fors
tous	DET	tout
jours	NOUN	jour
en	ADP	en
vanitez	NOUN	venité
et	CCONJ	et
en	ADP	en
male	ADJ	mal
toute	DET	tout
ma	DET	mon
vie	NOUN	vie
,	PUNCT	,
ne	ADV	ne
feust	VERB	être
la	DET	le
grace	NOUN	grace
de	ADP	de
vous	PRON	vous
,	PUNCT	,
beau	ADJ	beau
douz	ADJ	douz
Sire	NOUN	seignor
Dieux	PROPN	dieu
,	PUNCT	,
qe	SCONJ	que
jeo	PRON	je
espoir	NOUN	espoir
avoir	VERB	avoir
de	ADP	de
vous	PRON	vous
et	CCONJ	et
riens	NOUN	rien
de	ADP	de
moi	PRON	je
meismes	ADJ	même
;	PUNCT	;
par	ADP	par
qoi	PRON	coi
tout	DET	tout
soit	VERB	estre
acompli	VERB	accomplir
solonc	NOUN	solont
la	DET	le
grace	NOUN	grace
qe	SCONJ	que
vous	PRON	vous
,	PUNCT	,
douz	ADJ	douz
Sire	NOUN	seignor
,	PUNCT	,
me	PRON	je
presteretz	NOUN	prester
,	PUNCT	,
et	CCONJ	et
si	ADV	si
plesir	NOUN	plaisir
vous	PRON	vous
soit	VERB	estre
qe	SCONJ	que
al	ADP.DET	à.le
meyns	NOUN	moins
tant	ADV	tant
en	ADP	en
puisse	VERB	pöoir
avoir	VERB	avoir
qe	SCONJ	que
jeo	PRON	je
largement	NOUN	largement
le	DET	le
puisse	VERB	pöoir
despendre	VERB	despendre
en	ADP	en
cest	DET	cest
livre	NOUN	livre
et	CCONJ	et
en	ADP	en
mes	DET	mais
autres	PRON	autre
affaires	NOUN	affaire
,	PUNCT	,
come	SCONJ	come
en	ADP	en
vous	PRON	vous
,	PUNCT	,
Sire	NOUN	seignor
,	PUNCT	,
loer	VERB	lore
,	PUNCT	,
regracier	VERB	regrethir
et	CCONJ	et
mercier	VERB	mercier
.	PUNCT	.
Ore	NOUN	or
me	PRON	je
covendra	VERB	covenir
un	DET	un
poi	NOUN	pöoir
hors	ADV	hors
aler	VERB	aler
de	ADP	de
ma	DET	mon
primere	NOUN	primer
matire	NOUN	matir
;	PUNCT	;
si	ADV	si
revendrai	VERB	revenir
quant	SCONJ	cant
il	PRON	il
vous	PRON	vous
plerra	VERB	plaire
,	PUNCT	,
beau	ADJ	beau
douz	ADJ	douz
Sires	NOUN	seignor
et	CCONJ	et
Meistres	NOUN	maistre
.	PUNCT	.
Il	PRON	il
me	PRON	je
semble	NOUN	sembler
qe	SCONJ	que
qi	PRON	qui
qe	SCONJ	que
deveroit	VERB	devoir
a	ADP	a
droit	ADJ	droit
jugger	VERB	juger
la	DET	le
gentilesce	NOUN	gentille
d'	ADP	de
une	DET	un
persone	NOUN	personne
,	PUNCT	,
il	PRON	il
lui	PRON	lui
covendroit	NOUN	covenir
a	ADP	a
savoir	VERB	savoir
trois	DET	trois
choses	NOUN	chose
,	PUNCT	,
avant	ADV	avant
q'	SCONJ	que
omme	NOUN	homme
lui	PRON	lui
tenisoit	VERB	tenir
a	ADP	a
droit	ADJ	droit
gentil	ADJ	gentil
:	PUNCT	:
La	DET	le
primere	NOUN	primer
est	VERB	estre
de	ADP	de
savoir	VERB	savoir
si	ADV	si
son	DET	son
pier	NOUN	pier
estoit	VERB	estre
gentil	ADJ	gentil
;	PUNCT	;
la	DET	le
seconde	ADJ	second
,	PUNCT	,
si	ADV	si
sa	DET	son
miere	NOUN	mier
estoit	VERB	estre
genti	ADJ	gentir
famme	NOUN	femme
ausi	ADV	aussi
;	PUNCT	;
et	CCONJ	et
la	DET	le
tierce	NOUN	tierce
est	VERB	estre
a	ADP	a
savoir	VERB	savoir
s'	DET	soi
il	PRON	il
se	PRON	se
contient	VERB	contenir
en	ADP	en
ditz	NOUN	dire
,	PUNCT	,
en	ADP	en
faitz	VERB	fait
,	PUNCT	,
com	SCONJ	come
gentil	ADJ	gentil
et	CCONJ	et
ayme	NOUN	aimer
la	DET	le
compaignye	NOUN	compagnie
de	ADP	de
gentils-et	VERB	gentille
grant	ADJ	grant
honte	NOUN	honte
fait	VERB	faire
a	ADP	a
sa	DET	son
miere	NOUN	mier
qi	PRON	qui
en	ADP	en
bien	NOUN	bien
ne	ADV	ne
contrefait	VERB	contrefaire
son	DET	son
pier	NOUN	pier
.	PUNCT	.
Et	CCONJ	et
s'	DET	soi
il	PRON	il
soit	VERB	estre
ensi	ADV	ainsi
par	ADP	par
pier	NOUN	pier
et	CCONJ	et
par	ADP	par
miere	NOUN	mier
gentil	ADJ	gentil
et	CCONJ	et
de	ADP	de
lui	PRON	lui
meismes	ADJ	même
,	PUNCT	,
come	SCONJ	come
j'	PRON	je
ai	VERB	avoir
dite	VERB	dire
devant	ADP	devant
,	PUNCT	,
bien	NOUN	bien
le	DET	le
doit	VERB	devoir
homme	NOUN	homme
appeller	VERB	appeler
et	CCONJ	et
tenir	VERB	tenir
gentil	ADJ	gentil
.	PUNCT	.
Et	CCONJ	et
par	ADP	par
cest	DET	cest
exsample	ADJ	exmeslame
poons	NOUN	pouvoir
nous	PRON	nous
bien	NOUN	bien
tenir	VERB	tenir
et	CCONJ	et
appeller	VERB	appeler
humble	ADJ	humble
le	DET	le
filz	NOUN	fil
Dieu	PROPN	dieu
,	PUNCT	,
le	DET	le
tresdouz	DET	troudse
Jesus	PROPN	jesus
.	PUNCT	.
Car	CCONJ	car
qi	PRON	qui
bien	NOUN	bien
regarderoit	VERB	regarder
la	DET	le
grante	ADJ	grant
humilité	NOUN	humilité
du	ADP.DET	de.le
pier	NOUN	pier
et	CCONJ	et
de	ADP	de
la	DET	le
miere	NOUN	mier
et	CCONJ	et
de	ADP	de
benoit	VERB	benoiier
filz	NOUN	fil
,	PUNCT	,
lui	PRON	lui
humble	ADJ	humble
en	ADP	en
toutes	DET	tout
condicions	NOUN	condition
,	PUNCT	,
asseez	NOUN	assez
y	ADV	y
troveroit	VERB	trover
homme	NOUN	homme
reson	NOUN	reson
de	ADP	de
ceo	DET	ce
douz	ADJ	douz
filz	NOUN	fil
appeller	VERB	appeler
et	CCONJ	et
tenir	VERB	tenir
humbles	ADJ	humble
;	PUNCT	;
et	CCONJ	et
sanz	ADP	sans
nul	DET	nul
honte	NOUN	honte
faire	VERB	faire
a	ADP	a
sa	DET	son
miere	NOUN	mier
,	PUNCT	,
car	CCONJ	car
bien	NOUN	bien
resemble	NOUN	resmevoir
son	DET	son
pier	NOUN	pier
-	PUNCT	-
voir	ADJ	voir
si	ADV	si
bien	NOUN	bien
,	PUNCT	,
qe	SCONJ	que
c'	CCONJ	ce
est	VERB	estre
tout	DET	tout
une	DET	un
,	PUNCT	,
par	ADP	par
la	DET	le
seynte	NOUN	saint
soudure	NOUN	soudru
de	ADP	de
Seynt	ADJ	saint
Espirit	NOUN	esprit
.	PUNCT	.
Ore	NOUN	or
par	ADP	par
la	DET	le
puissance	NOUN	puissance
de	ADP	de
Dieux	PROPN	dieu
le	DET	le
Pier	PROPN	pier
,	PUNCT	,
le	DET	le
sens	NOUN	sens
de	ADP	de
Dieux	PROPN	dieu
le	DET	le
Filz	NOUN	fil
et	CCONJ	et
la	DET	le
grace	NOUN	grace
de	ADP	de
Dieux	PROPN	dieu
le	DET	le
Seynt	ADJ	saint
Espirit	NOUN	esprit
,	PUNCT	,
qe	SCONJ	que
tout	DET	tout
est	VERB	estre
acompli	VERB	accomplir
en	ADP	en
une	DET	un
seinte	ADJ	saint
Trinité	NOUN	trinité
et	CCONJ	et
tout	DET	tout
un	DET	un
soul	NOUN	sol
Dieux	PROPN	dieu
,	PUNCT	,
jeo	PRON	je
vois	NOUN	aler
avant	ADV	avant
et	CCONJ	et
comence	VERB	commencer
al	ADP.DET	à.le
Pier	PROPN	pier
,	PUNCT	,
qi	PRON	qui
fist	VERB	faire
et	CCONJ	et
cria	VERB	crïer
tout	DET	tout
le	DET	le
monde	NOUN	monde
,	PUNCT	,
ciel	NOUN	ciel
et	CCONJ	et
terre	NOUN	terre
et	CCONJ	et
mer	NOUN	mer
et	CCONJ	et
quantqe	SCONJ	cantque
en	ADP	en
eaux	NOUN	eux
sont	VERB	estre
,	PUNCT	,
et	CCONJ	et
de	ADP	de
tout	DET	tout
estoit	VERB	estre
et	CCONJ	et
est	VERB	estre
puissant	ADJ	poissant
de	ADP	de
tourner	VERB	tourner
et	CCONJ	et
ent	CCONJ	entre
faire	VERB	faire
toute	DET	tout
sa	DET	son
volunté	NOUN	volonté
:	PUNCT	:
Et	CCONJ	et
celui	DET	cel
seint	ADJ	saint
Piere	NOUN	piere
ordena	VERB	ordonner
les	DET	le
condicions	NOUN	condition
de	ADP	de
toutez	DET	tout
choses	NOUN	chose
bons	ADJ	bon
et	CCONJ	et
mals	NOUN	mal
les	DET	le
queles	DET	quel
me	PRON	je
serroit	VERB	estre
long	NOUN	long
a	ADP	a
reconter	VERB	reconter
,	PUNCT	,
et	CCONJ	et
ausi	ADV	aussi
jeo	PRON	je
ne	ADV	ne
m'	PRON	je
en	ADP	en
saveroie	VERB	savoir
bien	NOUN	bien
meller	VERB	meler
,	PUNCT	,
et	CCONJ	et
qi	PRON	qui
bien	NOUN	bien
ne	ADV	ne
siet	VERB	sëoir
un	DET	un
chemyn	NOUN	chemin
legierment	ADV	legriement
forvoie	NOUN	forvoiier
.	PUNCT	.
Mes	CCONJ	mais
pur	ADP	pour
aler	VERB	aler
a	ADP	a
ma	DET	mon
matire	NOUN	matir
:	PUNCT	:
jeo	PRON	je
pense	NOUN	penser
qe	SCONJ	que
Dieux	PROPN	dieu
le	DET	le
Pier	PROPN	pier
entre	ADP	entre
autres	PRON	autre
condicions	NOUN	condition
il	PRON	il
fist	VERB	faire
humilité	NOUN	humilité
et	CCONJ	et
le	DET	le
retient	VERB	retenir
vers	ADP	vers
soi	PRON	soi
meismes	ADJ	même
en	ADP	en
Paradis	NOUN	paradis
,	PUNCT	,
et	CCONJ	et
orgoil	NOUN	orgueil
fist	VERB	faire
tresbocher	VERB	tresquier
en	ADP	en
enfern	NOUN	enfer
;	PUNCT	;
et	CCONJ	et
ensi	ADV	ainsi
par	ADP	par
trois	DET	trois
resons	NOUN	reson
il	PRON	il
me	PRON	je
semble	NOUN	sembler
qe	SCONJ	que
jeo	PRON	je
lui	PRON	lui
puisse	VERB	pöoir
et	CCONJ	et
doi	NOUN	devoir
appeller	VERB	appeler
et	CCONJ	et
tenir	VERB	tenir
humble	ADJ	humble
:	PUNCT	:
Primes	NOUN	prim
,	PUNCT	,
pur	ADP	pour
ceo	DET	ce
q'	SCONJ	que
il	PRON	il
le	DET	le
fist	VERB	faire
et	CCONJ	et
retient	VERB	retenir
a	ADP	a
son	DET	son
oeps	NOUN	oser
et	CCONJ	et
a	ADP	a
sez	VERB	savoir
eslitez	VERB	esliter
.	PUNCT	.
L'	DET	le
autre	ADJ	autre
reson	NOUN	reson
est	VERB	estre
qe	SCONJ	que
si	ADV	si
comme	SCONJ	comme
il	PRON	il
suffroit	VERB	soffrir
son	DET	son
adversaire	NOUN	adversaire
Lucifer	NOUN	lufficur
et	CCONJ	et
ses	DET	son
compaignons	NOUN	compagnon
prendre	VERB	prendre
largement	NOUN	largement
et	CCONJ	et
eaux	NOUN	eux
emplire	VERB	emplir
de	ADP	de
le	DET	le
principal	NOUN	principal
vice	NOUN	vice
-	PUNCT	-
c'	CCONJ	ce
est	VERB	estre
orgoil	NOUN	orgueil
-	PUNCT	-
,	PUNCT	,
coment	VERB	comment
serroit	VERB	estre
ceo	DET	ce
qe	SCONJ	que
le	DET	le
Pier	PROPN	pier
du	ADP.DET	de.le
ciel	NOUN	ciel
ne	ADV	ne
se	PRON	se
empliroit	VERB	emplir
ausi	ADV	aussi
pleyn	ADJ	plein
de	ADP	de
la	DET	le
principale	NOUN	principal
vertue	NOUN	vertu
-	PUNCT	-
c'	CCONJ	ce
est	VERB	estre
humblesce	NOUN	humblet
?	PUNCT	?
Car	CCONJ	car
de	ADP	de
humblesce	NOUN	humblet
venent	VERB	venir
toutes	DET	tout
les	DET	le
autres	PRON	autre
vertues	NOUN	vertu
,	PUNCT	,
si	ADV	si
come	SCONJ	come
poet	VERB	pöoir
savoir	VERB	savoir
autre	ADJ	autre
part	NOUN	part
meltz	NOUN	mettre
qe	SCONJ	que
cy	ADV	ci
.	PUNCT	.
La	DET	le
tierce	NOUN	tierce
reson	NOUN	reson
si	ADV	si
est	VERB	estre
par	ADP	par
les	DET	le
grandes	ADJ	grand
humbletés	NOUN	humblété
q'	SCONJ	que
il	PRON	il
nous	PRON	nous
ad	VERB	avoir
mostree	NOUN	mostrer
mult	ADV	moult
de	ADP	de
foiZze	NOUN	foise
,	PUNCT	,
comme	SCONJ	comme
nous	PRON	nous
poons	NOUN	pouvoir
bien	NOUN	bien
veoir	VERB	vëoir
en	ADP	en
les	DET	le
anciens	ADJ	ancien
estoires	NOUN	estoire
come	SCONJ	come
en	ADP	en
le	DET	le
temps	NOUN	temps
de	ADP	de
Moyses	PROPN	maisos
,	PUNCT	,
David	PROPN	david
et	CCONJ	et
autres	PRON	autre
asseez	NOUN	assez
qi	PRON	qui
adonqes	ADV	adonc
et	CCONJ	et
puis	NOUN	puis
estoient	VERB	estre
.	PUNCT	.
Et	CCONJ	et
ensi	ADV	ainsi
,	PUNCT	,
par	ADP	par
ces	DET	ce
trois	DET	trois
resons	NOUN	reson
pardevant	NOUN	parfaite
dites	VERB	dire
,	PUNCT	,
il	PRON	il
me	PRON	je
semble	NOUN	sembler
qe	SCONJ	que
nous	PRON	nous
le	DET	le
devons	VERB	devoir
croire	VERB	croire
,	PUNCT	,
savoir	VERB	savoir
et	CCONJ	et
sentir	VERB	sentir
:	PUNCT	:
Creire	NOUN	crïer
qe	SCONJ	que
le	DET	le
pier	NOUN	pier
de	ADP	de
ciel	NOUN	ciel
fist	VERB	faire
toutes	DET	tout
choses	NOUN	chose
et	CCONJ	et
retient	VERB	retenir
les	DET	le
bones	ADJ	bon
pur	ADP	pour
luy	PRON	lui
et	CCONJ	et
pur	ADP	pour
le	DET	le
soens	ADJ	soene
a	ADP	a
qi	PRON	qui
il	PRON	il
vorroit	VERB	voir
partir	VERB	partir
;	PUNCT	;
et	CCONJ	et
quant	SCONJ	cant
il	PRON	il
lui	PRON	lui
plest	NOUN	plaire
a	ADP	a
partir	VERB	partir
riens	NOUN	rien
de	ADP	de
ses	DET	son
biens	NOUN	bien
oue	PRON	oeu
nous	PRON	nous
,	PUNCT	,
bien	NOUN	bien
lui	PRON	lui
sumes	NOUN	sume
tenuz	VERB	tenir
a	ADP	a
mercier	VERB	mercier
,	PUNCT	,
et	CCONJ	et
qe	SCONJ	que
ceo	DET	ce
ne	ADV	ne
poet	VERB	pöoir
venir	VERB	venir
de	ADP	de
nul	DET	nul
forsqe	NOUN	fors
de	ADP	de
lui	PRON	lui
,	PUNCT	,
car	CCONJ	car
en	ADP	en
celui	DET	cel
douz	ADJ	douz
Pier	PROPN	pier
sourt	NOUN	sort
celle	DET	cil
fontaigne	NOUN	fontaine
de	ADP	de
toutes	DET	tout
graces	NOUN	grace
,	PUNCT	,
et	CCONJ	et
nomement	ADV	nommer
humblesce	NOUN	humblet
qe	SCONJ	que
sourt	NOUN	sort
en	ADP	en
my	NOUN	moi
le	DET	le
coer	NOUN	coer
de	ADP	de
lui	PRON	lui
,	PUNCT	,
de	ADP	de
qoi	PRON	coi
en	ADP	en
court	NOUN	cour
quatre	DET	quatre
russeaux	NOUN	résuler
:	PUNCT	:
ces	DET	ce
sont	VERB	estre
Symplesce	NOUN	simple
,	PUNCT	,
Debonairtee	VERB	debonaire
,	PUNCT	,
Pitee	NOUN	pite
et	CCONJ	et
Charitee	VERB	charite
,	PUNCT	,
les	DET	le
quels	DET	quel
sont	VERB	estre
couruz	NOUN	courir
bien	NOUN	bien
en	ADP	en
eide	NOUN	aide
et	CCONJ	et
socour	NOUN	soucher
de	ADP	de
nous	PRON	nous
,	PUNCT	,
si	ADV	si
comme	SCONJ	comme
homme	NOUN	homme
en	ADP	en
purroit	VERB	pouvoir
bien	NOUN	bien
trover	VERB	trover
matire	NOUN	matir
d'	ADP	de
en	ADP	en
parler	VERB	parler
et	CCONJ	et
Dieux	PROPN	dieu
loer	VERB	lore
.	PUNCT	.
Mes	CCONJ	mais
jeo	PRON	je
m'	PRON	je
en	ADP	en
passe	VERB	passer
si	ADV	si
brief	NOUN	brief
comme	SCONJ	comme
jeo	PRON	je
puisse	VERB	pöoir
,	PUNCT	,
pur	ADP	pour
aler	VERB	aler
a	ADP	a
matire	NOUN	matir
qe	SCONJ	que
j'	PRON	je
ai	VERB	avoir
pardevant	NOUN	parfaite
comencee	VERB	commencer
.	PUNCT	.
Non	NOUN	non
pur	ADP	pour
tant	ADV	tant
,	PUNCT	,
loons	NOUN	louer
,	PUNCT	,
mercions	NOUN	mercier
et	CCONJ	et
rendons	NOUN	rendre
graces	NOUN	grace
a	ADP	a
Nostre	DET	notre
Seignur	NOUN	seigneur
de	ADP	de
touz	DET	tout
les	DET	le
biens	NOUN	bien
q'	SCONJ	que
il	PRON	il
ad	VERB	avoir
fait	VERB	faire
et	CCONJ	et
ferra	VERB	ferrer
et	CCONJ	et
quantqe	SCONJ	cantque
nous	PRON	nous
envoie	VERB	envoiier
;	PUNCT	;
car	CCONJ	car
de	ADP	de
toute	DET	tout
en	ADP	en
poons	NOUN	pouvoir
nous	PRON	nous
faire	VERB	faire
nostre	DET	notre
profit	NOUN	profit
si	ADV	si
nous	PRON	nous
volons	VERB	voloir
.	PUNCT	.
Et	CCONJ	et
Dieux	PROPN	dieu
nous	PRON	nous
en	ADP	en
doynt	VERB	doner
sa	DET	son
grace	NOUN	grace
de	ADP	de
ensi	ADV	ainsi
le	DET	le
faire	VERB	faire
.	PUNCT	.
Ore	NOUN	or
par	ADP	par
qele	DET	quel
reson	NOUN	reson
homme	NOUN	homme
poet	VERB	pöoir
savoir	VERB	savoir
qe	SCONJ	que
Dieux	PROPN	dieu
le	DET	le
Piere	NOUN	piere
,	PUNCT	,
avant	ADV	avant
qe	SCONJ	que
Jesus	PROPN	jesus
Crist	PROPN	crist
fu	VERB	estre
nee	VERB	naistre
,	PUNCT	,
fust	VERB	estre
bien	NOUN	bien
humbles	ADJ	humble
.	PUNCT	.
C'	CCONJ	ce
est	VERB	estre
par	ADP	par
les	DET	le
resons	NOUN	reson
qe	SCONJ	que
j'	PRON	je
ai	VERB	avoir
pardevant	NOUN	parfaite
dit	VERB	dire
,	PUNCT	,
comme	SCONJ	comme
par	ADP	par
les	DET	le
ancienes	ADJ	ancien
estoires	NOUN	estoire
et	CCONJ	et
sicomme	SCONJ	sicme
le	DET	le
seynte	NOUN	saint
Escripture	NOUN	écrituce
la	DET	le
recounte	VERB	reconter
,	PUNCT	,
siqe	NOUN	siec
bien	NOUN	bien
le	DET	le
poons	NOUN	pouvoir
nous	PRON	nous
savoir	VERB	savoir
,	PUNCT	,
puisqe	NOUN	puisse
le	DET	le
verrai	VERB	vëoir
le	DET	le
testmoigne	NOUN	testommagne
qe	SCONJ	que
ne	ADV	ne
poet	VERB	pöoir
mye	ADJ	mie
mentir	VERB	mentir
,	PUNCT	,
coment	VERB	comment
le	DET	le
Piers	PROPN	pier
et	CCONJ	et
Filz	NOUN	fil
et	CCONJ	et
le	DET	le
Seynte	PROPN	saint
Espirit	NOUN	esprit
feurent	VERB	ferorne
tout	DET	tout
trois	DET	trois
sanz	ADP	sans
comencement	NOUN	commencement
et	CCONJ	et
serront	VERB	estre
sanz	ADP	sans
fyn	NOUN	fin
trois	DET	trois
persones	NOUN	personne
en	ADP	en
un	DET	un
Dieux	PROPN	dieu
.	PUNCT	.
Et	CCONJ	et
quant	SCONJ	cant
au	ADP.DET	a.le
sentir	VERB	sentir
de	ADP	de
humblesce	NOUN	humblet
de	ADP	de
douz	ADJ	douz
Piere	NOUN	piere
:	PUNCT	:
nous	PRON	nous
le	DET	le
sentons	NOUN	sentir
en	ADP	en
celle	DET	cil
grant	ADJ	grant
humilité	NOUN	humilité
q'	SCONJ	que
il	PRON	il
si	ADV	si
plout	VERB	plaire
par	ADP	par
le	DET	le
Seynt	ADJ	saint
Espirit	NOUN	esprit
descendre	VERB	descendre
en	ADP	en
la	DET	le
Virgyne	NOUN	virgin
Marie	PROPN	marie
et	CCONJ	et
estre	VERB	estre
conceue	VERB	conceler
en	ADP	en
nostre	DET	notre
cheitive	ADJ	chaitif
semblance	NOUN	semblance
come	SCONJ	come
filz	NOUN	fil
,	PUNCT	,
pur	ADP	pour
nous	PRON	nous
getter	VERB	jeter
de	ADP	de
les	DET	le
grantes	ADJ	grant
peynes	NOUN	peine
et	CCONJ	et
parfonde	ADJ	parfont
prison	NOUN	prison
ou	CCONJ	ou
nous	PRON	nous
estoiemes	NOUN	estre
obligeez	VERB	obliger
par	ADP	par
la	DET	le
dette	NOUN	dette
de	ADP	de
nostre	DET	notre
ancestre	NOUN	ancestrer
.	PUNCT	.
Cest	DET	cest
humblesce	NOUN	humblet
sentons	NOUN	sentir
nous	PRON	nous
touz	DET	tout
si	ADV	si
qe	SCONJ	que
il	PRON	il
me	PRON	je
semble	NOUN	sembler
qe	SCONJ	que
nous	PRON	nous
devons	VERB	devoir
bien	NOUN	bien
dire	VERB	dire
qe	SCONJ	que
humblesce	NOUN	humblet
de	ADP	de
douz	ADJ	douz
Piere	NOUN	piere
nous	PRON	nous
poons	NOUN	pouvoir
croire	VERB	croire
fermement	NOUN	fermement
et	CCONJ	et
savoir	VERB	savoir
certeynement	NOUN	certeinement
;	PUNCT	;
car	CCONJ	car
nous	PRON	nous
ausi	ADV	aussi
le	DET	le
sentons	NOUN	sentir
communaument	NOUN	communément
,	PUNCT	,
car	CCONJ	car
au	ADP.DET	a.le
meyns	NOUN	moins
nous	PRON	nous
sumes	NOUN	sume
par	ADP	par
cele	DET	cel
humblesce	NOUN	humblet
deliverez	VERB	delivrer
de	ADP	de
toutes	DET	tout
anciens	ADJ	ancien
dettes	NOUN	dette
.	PUNCT	.
Ore	NOUN	or
bien	NOUN	bien
nous	PRON	nous
gardons	NOUN	gardon
qe	SCONJ	que
de	ADP	de
novel	ADJ	novel
nous	PRON	nous
ne	ADV	ne
y	ADV	y
entrons	VERB	entre
poynt	VERB	point
pur	ADP	pour
nostre	DET	notre
propre	NOUN	propre
dette	NOUN	dette
:	PUNCT	:
Celui	DET	cel
qe	SCONJ	que
nous	PRON	nous
fist	VERB	faire
nous	PRON	nous
en	ADP	en
garde	NOUN	garde
par	ADP	par
sa	DET	son
grande	ADJ	grand
humilité	NOUN	humilité
!	PUNCT	!
Et	CCONJ	et
quant	SCONJ	cant
a	ADP	a
la	DET	le
douce	ADJ	doux
miere	NOUN	mier
si	ADV	si
ele	PRON	il
feust	VERB	être
humble	ADJ	humble
,	PUNCT	,
jeo	PRON	je
ne	ADV	ne
sai	VERB	savoir
si	ADV	si
bone	ADJ	bon
proeve	NOUN	prover
comme	SCONJ	comme
ceo	DET	ce
qe	SCONJ	que
chescun	NOUN	cheschun
poet	VERB	pöoir
bien	NOUN	bien
savoir	VERB	savoir
:	PUNCT	:
qe	SCONJ	que
Celui	DET	cel
qi	PRON	qui
la	DET	le
fist	VERB	faire
toute	DET	tout
a	ADP	a
son	DET	son
oeps	NOUN	oser
desmene	VERB	demener
n'	ADV	ne
estoit	VERB	estre
mye	ADJ	mie
si	ADV	si
mal	NOUN	mal
aviseez	VERB	aviser
q'	SCONJ	que
il	PRON	il
ne	ADV	ne
la	DET	le
fist	VERB	faire
pleine	ADJ	plein
de	ADP	de
toutes	DET	tout
vertues	NOUN	vertu
et	CCONJ	et
voide	ADJ	voie
de	ADP	de
toutes	DET	tout
vices	NOUN	vice
,	PUNCT	,
et	CCONJ	et
si	ADV	si
pres	ADV	près
de	ADP	de
touz	DET	tout
bones	ADJ	bon
condicions	NOUN	condition
de	ADP	de
lui	PRON	lui
meismes	ADJ	même
resembler	VERB	resembler
comme	SCONJ	comme
il	PRON	il
plus	ADV	plus
poait	VERB	pöoir
faire	VERB	faire
nostre	DET	notre
humanité	NOUN	hommanité
resembler	VERB	resembler
a	ADP	a
sa	DET	son
deitez	NOUN	devoir
.	PUNCT	.
Et	CCONJ	et
q'	SCONJ	que
el	ADP.DET	en.le
estoit	VERB	estre
pleine	ADJ	plein
de	ADP	de
humilité	NOUN	humilité
,	PUNCT	,
piert	NOUN	peire
bien	NOUN	bien
en	ADP	en
la	DET	le
vie	NOUN	vie
de	ADP	de
cele	DET	cel
douz	ADJ	douz
virgine	ADJ	vigir
,	PUNCT	,
qe	SCONJ	que
la	DET	le
oï	VERB	öir
recorder	VERB	recorder
tant	ADV	tant
qe	SCONJ	que
sur	ADP	sur
toutes	DET	tout
autres	PRON	autre
humbles	ADJ	humble
estoit	VERB	estre
grande	ADJ	grand
quant	SCONJ	cant
ele	PRON	il
si	ADV	si
symplemente	NOUN	simplement
receust	VERB	recevoir
la	DET	le
volunté	NOUN	volonté
de	ADP	de
Dieux	PROPN	dieu
le	DET	le
Piere	NOUN	piere
et	CCONJ	et
conceust	VERB	conquerre
le	DET	le
verrai	VERB	vëoir
filz	NOUN	fil
Dieux	PROPN	dieu
par	ADP	par
la	DET	le
vertue	NOUN	vertu
de	ADP	de
Seynte	PROPN	saint
Espirist	NOUN	esprit
.	PUNCT	.
Et	CCONJ	et
pur	ADP	pour
tout	DET	tout
le	DET	le
grant	ADJ	grant
honour	NOUN	honneur
q'	SCONJ	que
el	ADP.DET	en.le
avoit	VERB	avoir
quant	SCONJ	cant
l'	DET	le
angel	NOUN	angele
lui	PRON	lui
vient	VERB	venir
noncier	VERB	noncier
,	PUNCT	,
ne	ADV	ne
pur	ADP	pour
toutez	DET	tout
les	DET	le
grantes	ADJ	grant
mervailles	NOUN	merveille
et	CCONJ	et
miracles	NOUN	miralt
q'	SCONJ	que
el	ADP.DET	en.le
vist	VERB	vist
son	DET	son
filz	NOUN	fil
faire	VERB	faire
apres	ADV	après
q'	SCONJ	que
il	PRON	il
feust	VERB	être
nee	VERB	naistre
,	PUNCT	,
ne	ADV	ne
de	ADP	de
ceo	DET	ce
q'	SCONJ	que
el	ADP.DET	en.le
avoit	VERB	avoir
nule	DET	nul
peyne	NOUN	peine
comme	SCONJ	comme
autres	PRON	autre
femmes	NOUN	femme
a	ADP	a
nestre	VERB	naistre
de	ADP	de
son	DET	son
douz	ADJ	douz
enfante	NOUN	enfante
,	PUNCT	,
de	ADP	de
nule	DET	nul
chose	NOUN	chose
cele	DET	cel
douce	ADJ	doux
dame	NOUN	dame
ne	ADV	ne
s'	DET	soi
en	ADP	en
orgoillist	VERB	oraroille
,	PUNCT	,
mes	DET	mais
touz	DET	tout
jours	NOUN	jour
estoit	VERB	estre
en	ADP	en
parfite	NOUN	parfoit
humblesce	NOUN	humblet
,	PUNCT	,
en	ADP	en
fait	VERB	faire
,	PUNCT	,
en	ADP	en
dit	VERB	dire
et	CCONJ	et
en	ADP	en
pensee	NOUN	penser
,	PUNCT	,
contre	ADP	contre
touz	DET	tout
honours	NOUN	honorer
et	CCONJ	et
touz	DET	tout
ses	DET	son
grantz	ADJ	grant
dolours	NOUN	delour
q'	SCONJ	que
el	ADP.DET	en.le
depuis	ADV	depuis
avoit	VERB	avoir
;	PUNCT	;
et	CCONJ	et
riens	NOUN	rien
ne	ADV	ne
se	PRON	se
porta	VERB	porter
le	DET	le
plus	ADV	plus
grossement	NOUN	grosmer
devers	ADP	devers
sone	ADJ	soner
poure	NOUN	pour
marye	NOUN	marie
,	PUNCT	,
mes	DET	mais
touz	DET	tout
jours	NOUN	jour
mult	ADV	moult
humblement	ADV	humblement
.	PUNCT	.
Ja	ADV	ja
n'	ADV	ne
en	ADP	en
pernoit	VERB	pernit
orgoil	NOUN	orgueil
de	ADP	de
ceo	DET	ce
q'	SCONJ	que
ele	PRON	il
estoit	VERB	estre
amye	NOUN	ami
et	CCONJ	et
drue	NOUN	dru
a	ADP	a
si	ADV	si
haut	ADJ	haut
Roi	NOUN	roi
et	CCONJ	et
noble	ADJ	noble
,	PUNCT	,
de	ADP	de
qi	PRON	qui
il	PRON	il
estoit	VERB	estre
si	ADV	si
bien	NOUN	bien
amee	NOUN	amer
,	PUNCT	,
et	CCONJ	et
en	ADP	en
estoit	VERB	estre
miere	NOUN	mier
a	ADP	a
un	DET	un
si	ADV	si
beau	ADJ	beau
filz	NOUN	fil
sanz	ADP	sans
pecché	NOUN	péché
,	PUNCT	,
travaille	NOUN	travaillier
ou	CCONJ	ou
peyne	NOUN	peine
,	PUNCT	,
et	CCONJ	et
qe	SCONJ	que
si	ADV	si
seyne	NOUN	seine
demorroit	VERB	demeror
en	ADP	en
sa	DET	son
benoite	ADJ	benëir
virginité	NOUN	virginier
.	PUNCT	.
La	DET	le
humblesce	NOUN	humblet
de	ADP	de
cele	DET	cel
douce	ADJ	doux
dame	NOUN	dame
passe	VERB	passer
touz	DET	tout
altres	PRON	autre
apres	ADV	après
Dieux	PROPN	dieu
,	PUNCT	,
et	CCONJ	et
ausi	ADV	aussi
dient	VERB	dire
les	DET	le
sages	ADJ	sage
qe	SCONJ	que
ceo	DET	ce
estoit	VERB	estre
la	DET	le
chose	NOUN	chose
qe	SCONJ	que
meultz	DET	moult
plust	ADV	plus
a	ADP	a
Nostre	DET	notre
Seignur	NOUN	seigneur
,	PUNCT	,
la	DET	le
douce	ADJ	doux
humblesce	NOUN	humblet
de	ADP	de
cel	DET	cel
benoit	VERB	benoiier
miere	NOUN	mier
.	PUNCT	.
Or	ADV	or
ai	VERB	avoir
jeo	PRON	je
moustree	NOUN	moustre
solonc	NOUN	solont
mon	DET	mon
petit	ADJ	petit
sen	DET	son
coment	VERB	comment
le	DET	le
piere	NOUN	piere
et	CCONJ	et
la	DET	le
miere	NOUN	mier
sont	VERB	estre
humbles	ADJ	humble
.	PUNCT	.
Et	CCONJ	et
ore	NOUN	ore
fait	VERB	faire
assavoir	VERB	assavoir
si	ADV	si
le	DET	le
filz	NOUN	fil
se	PRON	se
contient	VERB	contenir
come	SCONJ	come
humble	ADJ	humble
,	PUNCT	,
et	CCONJ	et
se	PRON	se
trait	VERB	traire
en	ADP	en
la	DET	le
compaignie	NOUN	compagnie
des	ADP.DET	de.le
humbles	ADJ	humble
si	ADV	si
come	SCONJ	come
le	DET	le
gentils	ADJ	gentil
doit	VERB	devoir
faire	VERB	faire
,	PUNCT	,
si	ADV	si
comme	SCONJ	comme
dit	VERB	dire
est	VERB	estre
devant	ADP	devant
.	PUNCT	.
Et	CCONJ	et
touz	DET	tout
jours	NOUN	jour
face	VERB	faire
jeo	PRON	je
assavoir	VERB	assavoir
a	ADP	a
touz	DET	tout
ceaux	ADJ	cela
qi	PRON	qui
cest	DET	cest
livre	NOUN	livre
lirront	VERB	larron
ou	CCONJ	ou
virront	VERB	vëoir
qe	SCONJ	que
,	PUNCT	,
si	ADV	si
jeo	PRON	je
y	ADV	y
ai	VERB	avoir
mys	VERB	mettre
trop	ADV	trop
ou	CCONJ	ou
trop	ADV	trop
pou	ADV	peu
,	PUNCT	,
q'	SCONJ	que
il	PRON	il
ne	ADV	ne
le	DET	le
preignent	VERB	prendre
mye	ADJ	mie
en	ADP	en
male	ADJ	mal
,	PUNCT	,
ne	ADV	ne
a	ADP	a
autre	ADJ	autre
si	ADV	si
non	NOUN	nom
a	ADP	a
ma	DET	mon
folie	NOUN	folie
proprement	NOUN	proprement
.	PUNCT	.
Et	CCONJ	et
tout	DET	tout
parle	NOUN	parler
jeo	PRON	je
ensi	ADV	ainsi
du	ADP.DET	de.le
Pier	PROPN	pier
et	CCONJ	et
puis	NOUN	puis
de	ADP	de
Filz	NOUN	fil
et	CCONJ	et
chescune	NOUN	cheschenur
par	ADP	par
soi	PRON	soi
,	PUNCT	,
pur	ADP	pour
ceo	DET	ce
n'	ADV	ne
est	VERB	estre
mye	ADJ	mie
ma	DET	mon
entente	ADJ	entente
,	PUNCT	,
ne	ADV	ne
nului	PRON	nul
ne	ADV	ne
croie	VERB	croire
,	PUNCT	,
qe	SCONJ	que
jeo	PRON	je
voille	NOUN	voloir
deseverer	VERB	desevrer
en	ADP	en
dit	VERB	dire
ne	ADV	ne
en	ADP	en
pensee	NOUN	penser
le	DET	le
Piere	NOUN	piere
du	ADP.DET	de.le
Filz	NOUN	fil
ne	ADV	ne
le	DET	le
Seynt	ADJ	saint
Espirit	NOUN	esprit
de	ADP	de
eaux	NOUN	eux
diaux	NOUN	duel
,	PUNCT	,
qe	SCONJ	que
touz	DET	tout
trois	DET	trois
ne	ADV	ne
soient	VERB	estre
tout	DET	tout
un	DET	un
Dieux	PROPN	dieu
,	PUNCT	,
et	CCONJ	et
une	DET	un
touz	DET	tout
trois	DET	trois
,	PUNCT	,
et	CCONJ	et
ceo	DET	ce
est	VERB	estre
sanz	ADP	sans
comencement	NOUN	commencement
et	CCONJ	et
sanz	ADP	sans
fyn	NOUN	fin
,	PUNCT	,
et	CCONJ	et
ceo	DET	ce
est	VERB	estre
sanz	ADP	sans
nule	DET	nul
doute	ADJ	doute
.	PUNCT	.
Nepurquant	ADV	nerquerre
jeo	PRON	je
irrai	VERB	aller
avant	ADV	avant
sur	ADP	sur
ma	DET	mon
reson	NOUN	reson
pur	ADP	pour
moustrer	VERB	moustroy
,	PUNCT	,
si	ADV	si
come	SCONJ	come
cest	DET	cest
Sainte	ADJ	saint
Trinité	NOUN	trinité
me	PRON	je
dorra	VERB	dormir
grace	NOUN	grace
,	PUNCT	,
de	ADP	de
humblesce	NOUN	humblet
de	ADP	de
cele	DET	cel
benoit	VERB	benoiier
Filz	NOUN	fil
qi	PRON	qui
nasquit	VERB	nasquerre
de	ADP	de
la	DET	le
treseinte	NOUN	treseint
Virgine	ADJ	vigion
Marie	PROPN	marie
,	PUNCT	,
et	CCONJ	et
coment	VERB	comment
il	PRON	il
s'	DET	soi
en	ADP	en
est	VERB	estre
puis	NOUN	puis
en	ADP	en
humblesce	NOUN	humblet
contenuz	VERB	contenir
.	PUNCT	.
Un	DET	un
autre	ADJ	autre
envolupure	NOUN	enforchelour
,	PUNCT	,
tresbele	NOUN	tresalle
Dame	NOUN	dame
,	PUNCT	,
me	PRON	je
coveneroit	NOUN	covenir
a	ADP	a
la	DET	le
plaie	NOUN	plaie
de	ADP	de
mon	DET	mon
nees	NOUN	naistre
de	ADP	de
voz	DET	vostre
beaux	ADJ	beau
drapeaux	ADJ	drapeau
,	PUNCT	,
et	CCONJ	et
c'	CCONJ	ce
est	VERB	estre
a	ADP	a
dire	VERB	dire
d'	ADP	de
un	DET	un
grande	ADJ	grand
joie	NOUN	joie
qe	SCONJ	que
par	ADP	par
le	DET	le
douz	ADJ	douz
nees	NOUN	naistre
voz	DET	vostre
entra	VERB	entrer
;	PUNCT	;
et	CCONJ	et
c'	CCONJ	ce
estoit	VERB	estre
quant	SCONJ	cant
vostre	DET	vostre
douz	ADJ	douz
Filtz	NOUN	filt
feust	VERB	être
neez	VERB	naître
de	ADP	de
voz	DET	vostre
,	PUNCT	,
douz	ADJ	douz
Dame	NOUN	dame
,	PUNCT	,
en	ADP	en
une	DET	un
poure	NOUN	pour
meison	NOUN	maison
qe	SCONJ	que
de	ADP	de
bone	ADJ	bon
odour	NOUN	oudre
estoit	VERB	estre
richement	NOUN	richement
paree	VERB	pareir
,	PUNCT	,
jeo	PRON	je
ne	ADV	ne
doute	ADJ	doute
mye	ADJ	mie
,	PUNCT	,
et	CCONJ	et
de	ADP	de
moelt	NOUN	moulet
suef	NOUN	souf
fleirour	NOUN	flaire
:	PUNCT	:
et	CCONJ	et
autrement	ADV	autrement
merveille	NOUN	merveille
serroit	VERB	estre
,	PUNCT	,
quant	SCONJ	cant
Cely	DET	cel
qi	PRON	qui
fist	VERB	faire
touz	DET	tout
chosez	NOUN	choset
qe	SCONJ	que
ount	VERB	ont
les	DET	le
bons	ADJ	bon
odours	NOUN	oudre
et	CCONJ	et
qi	PRON	qui
les	DET	le
suefs	NOUN	souf
fleirours	NOUN	flaire
ount	VERB	ont
,	PUNCT	,
com	SCONJ	come
roses	NOUN	rose
,	PUNCT	,
violette	NOUN	voloir
et	CCONJ	et
tant	ADV	tant
des	ADP.DET	de.le
autres	PRON	autre
fleurs	NOUN	fleur
,	PUNCT	,
et	CCONJ	et
ces	DET	ce
herbes	NOUN	herbe
dont	PRON	dont
ausi	ADV	aussi
meyntes	NOUN	maint
si	ADV	si
tressuef	NOUN	tressals
fleront	VERB	fleron
,	PUNCT	,
et	CCONJ	et
arbres	NOUN	arbre
com	SCONJ	come
cyprés	NOUN	cipre
et	CCONJ	et
foilles	NOUN	folie
de	ADP	de
lorer	VERB	lorer
,	PUNCT	,
et	CCONJ	et
tant	ADV	tant
des	ADP.DET	de.le
autres	PRON	autre
fleurs	NOUN	fleur
en	ADP	en
lour	DET	lour
primer	VERB	prime
seson	NOUN	son
si	ADV	si
bone	ADJ	bon
odour	NOUN	oudre
ount	VERB	ont
,	PUNCT	,
et	CCONJ	et
la	DET	le
muge	ADJ	muer
et	CCONJ	et
musqe	NOUN	mus
et	CCONJ	et
ensens	ADJ	ensemi
dont	PRON	dont
tout	DET	tout
une	DET	un
meson	NOUN	messon
est	VERB	estre
reemplé	VERB	remetre
de	ADP	de
lour	DET	lour
flerour	NOUN	fleurer
,	PUNCT	,
bien	NOUN	bien
deveroit	VERB	devoir
donqes	ADV	donc
celle	DET	cil
poure	NOUN	pour
meson	NOUN	messon
estre	VERB	estre
pleine	ADJ	plein
de	ADP	de
bon	ADJ	bon
et	CCONJ	et
noble	ADJ	noble
odour	NOUN	oudre
,	PUNCT	,
quant	SCONJ	cant
leynz	NOUN	lent
estoit	VERB	estre
la	DET	le
fleure	NOUN	fleure
de	ADP	de
fleures	NOUN	fleure
qe	SCONJ	que
tout	DET	tout
bones	ADJ	bon
chosez	NOUN	choset
fist	VERB	faire
.	PUNCT	.
Et	CCONJ	et
s'	DET	soi
il	PRON	il
meismes	ADJ	même
fleirot	NOUN	flaire
suef	NOUN	souf
,	PUNCT	,
ne	ADV	ne
covient	VERB	covenir
ja	ADV	ja
a	ADP	a
dire	VERB	dire
,	PUNCT	,
car	CCONJ	car
chescun	NOUN	cheschun
le	DET	le
doit	VERB	devoir
savoir	VERB	savoir
et	CCONJ	et
poet	VERB	pöoir
,	PUNCT	,
car	CCONJ	car
entre	ADP	entre
nous	PRON	nous
meismes	ADJ	même
nous	PRON	nous
semble	NOUN	sembler
ascun	ADP	ascu
l'	DET	le
un	DET	un
d'	ADP	de
autre	ADJ	autre
qe	SCONJ	que
tresbon	NOUN	treson
flerour	NOUN	fleurer
avons	VERB	avoir
-	PUNCT	-
de	ADP	de
tieles	NOUN	tel
y	ADV	y
a	ADP	a
,	PUNCT	,
jeo	PRON	je
ne	ADV	ne
die	VERB	dire
pas	NOUN	pas
de	ADP	de
nous	PRON	nous
touz	DET	tout
-	PUNCT	-
et	CCONJ	et
puis	NOUN	puis
donqes	ADV	donc
q'	SCONJ	que
en	ADP	en
nous	PRON	nous
poet	VERB	pöoir
avoir	VERB	avoir
nul	DET	nul
bone	ADJ	bon
odour	NOUN	oudre
,	PUNCT	,
qi	PRON	qui
sumes	NOUN	sume
faitz	VERB	fait
de	ADP	de
si	ADV	si
orde	NOUN	ord
bowe	ADJ	boivre
et	CCONJ	et
engendrez	VERB	engendrer
et	CCONJ	et
conceuz	VERB	concelon
en	ADP	en
si	ADV	si
vil	ADJ	vil
et	CCONJ	et
orde	NOUN	ord
pecché	NOUN	péché
et	CCONJ	et
puis	NOUN	puis
usons	NOUN	ousson
nostre	DET	notre
vie	NOUN	vie
si	ADV	si
ordement	NOUN	ordrement
et	CCONJ	et
nous	PRON	nous
emplions	NOUN	emplois
si	ADV	si
pleyn	ADJ	plein
de	ADP	de
touz	DET	tout
les	DET	le
sept	ADJ	sept
mortels	ADJ	mortel
pecchez	NOUN	peché
ou	CCONJ	ou
touz	DET	tout
lour	DET	lour
appurtenantz	VERB	apporter
-	PUNCT	-
ceaux	ADJ	cela
sont	VERB	estre
les	DET	le
pecchés	NOUN	péché
veniaux	NOUN	venir
et	CCONJ	et
touz	DET	tout
les	DET	le
diables	NOUN	dïable
d'	ADP	de
enfern	NOUN	enfer
qi	PRON	qui
pursuent	VERB	purustre
celle	DET	cil
route	NOUN	route
puante	ADJ	pouvoir
;	PUNCT	;
et	CCONJ	et
diaux	NOUN	duel
pecchés	NOUN	péché
sont	VERB	estre
qe	SCONJ	que
moelt	NOUN	moulet
puantz	ADJ	pouvoir
sont	VERB	estre
devant	ADP	devant
Dieux	PROPN	dieu
,	PUNCT	,
et	CCONJ	et
si	ADV	si
fount	NOUN	fout
ils	PRON	il
celuy	DET	cil
puant	VERB	pouvoir
en	ADP	en
qi	PRON	qui
ils	PRON	il
sont	VERB	estre
herbergez	VERB	herbergier
:	PUNCT	:
ces	DET	ce
sont	VERB	estre
Glotonie	PROPN	glotiner
et	CCONJ	et
Leccherie	NOUN	lechecier
;	PUNCT	;
ces	DET	ce
diaux	NOUN	duel
par	ADP	par
reson	NOUN	reson
deyvent	VERB	devite
cy	ADV	ci
plus	ADV	plus
puer	NOUN	pouvoir
qe	SCONJ	que
autres	PRON	autre
qe	SCONJ	que
aillours	NOUN	aler
pueront	VERB	pouvoir
touz	DET	tout
,	PUNCT	,
si	ADV	si
bien	NOUN	bien
ces	DET	ce
diaux	NOUN	duel
nomez	VERB	nomer
com	SCONJ	come
les	DET	le
autres	PRON	autre
,	PUNCT	,
chescun	NOUN	cheschun
solonc	NOUN	solont
lour	DET	lour
substance	NOUN	subplet
,	PUNCT	,
et	CCONJ	et
la	DET	le
reson	NOUN	reson
pur	ADP	pour
qoi	PRON	coi
les	DET	le
diaux	NOUN	duel
pecchés	NOUN	péché
deivent	VERB	deviner
plus	ADV	plus
puer	NOUN	pouvoir
cy	ADV	ci
qe	SCONJ	que
les	DET	le
autres	PRON	autre
,	PUNCT	,
jeo	PRON	je
ne	ADV	ne
le	DET	le
quere	VERB	querre
ja	ADV	ja
dire	VERB	dire
,	PUNCT	,
mes	DET	mais
qi	PRON	qui
le	DET	le
voelt	VERB	voloir
savoir	VERB	savoir
,	PUNCT	,
si	ADV	si
le	DET	le
serche	NOUN	serchier
en	ADP	en
soy	PRON	soi
meismes	ADJ	même
et	CCONJ	et
jeo	PRON	je
ne	ADV	ne
doute	ADJ	doute
qe	SCONJ	que
trop	ADV	trop
poy	NOUN	pöoir
sont	VERB	estre
qe	SCONJ	que
trover	VERB	trover
ne	ADV	ne
le	DET	le
purront	VERB	pouvoir
:	PUNCT	:
jeo	PRON	je
dis	VERB	dire
bien	NOUN	bien
pur	ADP	pour
moy	PRON	moi
q'	SCONJ	que
en	ADP	en
moy	PRON	moi
,	PUNCT	,
cheitif	ADJ	chaitif
,	PUNCT	,
l'	DET	le
ai	VERB	avoir
jeo	PRON	je
trovee	VERB	trover
et	CCONJ	et
provee	VERB	prover
apertement	NOUN	apertement
;	PUNCT	;
et	CCONJ	et
donqes	ADV	donc
,	PUNCT	,
tresdouce	NOUN	doux
Dame	NOUN	dame
,	PUNCT	,
vostre	DET	vostre
benoit	VERB	benoiier
filtz	NOUN	filt
ne	ADV	ne
deveroit	VERB	devoir
il	PRON	il
bien	NOUN	bien
doucement	NOUN	doucement
odourer	VERB	odorer
et	CCONJ	et
fleirer	VERB	flaire
qe	SCONJ	que
ne	ADV	ne
feust	VERB	être
mye	ADJ	mie
fait	VERB	faire
de	ADP	de
bowe	ADJ	boivre
,	PUNCT	,
einz	ADV	ainz
est	VERB	estre
,	PUNCT	,
et	CCONJ	et
feust	VERB	être
avant	ADV	avant
qe	SCONJ	que
riens	NOUN	rien
feust	VERB	être
fait	VERB	faire
,	PUNCT	,
et	CCONJ	et
serra	VERB	serrer
apres	ADV	après
touz	DET	tout
choses	NOUN	chose
,	PUNCT	,
du	ADP.DET	de.le
Pier	PROPN	pier
le	DET	le
Filtz	NOUN	filt
,	PUNCT	,
ou	CCONJ	ou
le	DET	le
Seint	ADJ	saint
Espirit	NOUN	esprit
,	PUNCT	,
tout	DET	tout
un	DET	un
Seinte	ADJ	saint
Trinité	NOUN	trinité
;	PUNCT	;
et	CCONJ	et
engendree	VERB	engendrer
feust	VERB	être
par	ADP	par
la	DET	le
puissante	ADJ	poissante
ordenance	NOUN	ordonnement
de	ADP	de
Pier	PROPN	pier
,	PUNCT	,
et	CCONJ	et
par	ADP	par
la	DET	le
sage	ADJ	sage
volenté	NOUN	volenté
de	ADP	de
ly	DET	le
meismes	ADJ	même
,	PUNCT	,
c'	CCONJ	ce
est	VERB	estre
a	ADP	a
dire	VERB	dire
de	ADP	de
Filtz	NOUN	filt
,	PUNCT	,
et	CCONJ	et
par	ADP	par
le	DET	le
consentement	NOUN	consenter
et	CCONJ	et
la	DET	le
bon	ADJ	bon
grace	NOUN	grace
de	ADP	de
Seint	ADJ	saint
Espirit	NOUN	esprit
;	PUNCT	;
et	CCONJ	et
conceu	VERB	concelon
estoit	VERB	estre
en	ADP	en
voz	DET	vostre
,	PUNCT	,
tresdouz	DET	troudse
Dame	NOUN	dame
,	PUNCT	,
par	ADP	par
vostre	DET	vostre
grande	ADJ	grand
humilité	NOUN	humilité
;	PUNCT	;
et	CCONJ	et
sa	DET	son
vie	NOUN	vie
puis	NOUN	puis
menoit	VERB	mener
si	ADV	si
nettement	ADV	neter
sanz	ADP	sans
nulle	DET	nul
soilleure	NOUN	soillir
de	ADP	de
pecché	NOUN	péché
;	PUNCT	;
mes	DET	mais
estoit	VERB	estre
proprement	NOUN	proprement
orde	NOUN	ord
nee	VERB	naistre
a	ADP	a
morir	VERB	morir
vileynement	ADV	vilement
entre	ADP	entre
nous	PRON	nous
pur	ADP	pour
destruire	NOUN	destruire
pecché	NOUN	péché
et	CCONJ	et
la	DET	le
poesté	NOUN	poësté
de	ADP	de
diable	NOUN	dïable
.	PUNCT	.
Par	ADP	par
qoi	PRON	coi
chescun	NOUN	cheschun
cristien	NOUN	crisiente
doit	VERB	devoir
bien	NOUN	bien
savoir	VERB	savoir
qe	SCONJ	que
nulle	DET	nul
riens	NOUN	rien
n'	ADV	ne
est	VERB	estre
qe	SCONJ	que
par	ADP	par
toutz	DET	tout
bones	ADJ	bon
resons	NOUN	reson
deveroit	VERB	devoir
estre	VERB	estre
si	ADV	si
suef	NOUN	souf
fleirant	VERB	flaire
et	CCONJ	et
si	ADV	si
doucement	NOUN	doucement
odourer	VERB	odorer
come	SCONJ	come
le	DET	le
douce	ADJ	doux
fruyt	NOUN	fruit
qe	SCONJ	que
nasquyst	VERB	nasquerre
du	ADP.DET	de.le
ventre	NOUN	ventre
la	DET	le
benoite	ADJ	benëir
pucelle	NOUN	pucelle
-	PUNCT	-
ceo	DET	ce
estoietz	NOUN	être
voz	DET	vostre
,	PUNCT	,
ma	DET	mon
tresdouce	NOUN	doux
Dame	NOUN	dame
Seinte	ADJ	saint
Marie	PROPN	marie
,	PUNCT	,
qi	PRON	qui
portastez	VERB	porter
le	DET	le
fruyt	NOUN	fruit
si	ADV	si
bien	NOUN	bien
odourant	VERB	odorder
par	ADP	par
lequel	DET	lequel
fruyt	NOUN	fruit
nous	PRON	nous
estoions	NOUN	être
rechaté	VERB	rechater
de	ADP	de
la	DET	le
puiante	NOUN	poivre
peigne	NOUN	peigne
d'	ADP	de
enfern	NOUN	enfer
ou	CCONJ	ou
nous	PRON	nous
estoiens	NOUN	estre
par	ADP	par
le	DET	le
primer	VERB	prime
fruyt	NOUN	fruit
obligez	VERB	obliger
par	ADP	par
nostre	DET	notre
primer	VERB	prime
pier	NOUN	pier
Adam	PROPN	adam
.	PUNCT	.
Siqe	NOUN	siec
,	PUNCT	,
donqes	ADV	donc
,	PUNCT	,
pur	ADP	pour
aler	VERB	aler
a	ADP	a
ma	DET	mon
matire	NOUN	matir
,	PUNCT	,
tresdouce	NOUN	doux
Dame	NOUN	dame
,	PUNCT	,
l'	DET	le
en	ADP	en
poet	VERB	pöoir
bien	NOUN	bien
savoir	VERB	savoir
de	ADP	de
verrai	VERB	vëoir
qe	SCONJ	que
celle	DET	cil
douce	ADJ	doux
fleirour	NOUN	flaire
qe	SCONJ	que
toutez	DET	tout
autres	PRON	autre
passoit	VERB	passer
voz	DET	vostre
avetz	NOUN	avoir
grande	ADJ	grand
joie	NOUN	joie
a	ADP	a
fleirer	VERB	flaire
,	PUNCT	,
et	CCONJ	et
uncore	ADV	oncorer
,	PUNCT	,
de	ADP	de
tant	ADV	tant
come	SCONJ	come
voz	DET	vostre
,	PUNCT	,
Dame	NOUN	dame
,	PUNCT	,
tant	ADV	tant
l'	DET	le
avietz	VERB	avié
,	PUNCT	,
de	ADP	de
tant	ADV	tant
plus	ADV	plus
voz	DET	vostre
plesoit	VERB	plaire
la	DET	le
bone	ADJ	bon
et	CCONJ	et
douce	ADJ	doux
odour	NOUN	oudre
qe	SCONJ	que
voz	DET	vostre
sentetz	ADJ	senté
de	ADP	de
vostre	DET	vostre
douz	ADJ	douz
enfant	NOUN	enfant
luy	PRON	lui
douz	ADJ	douz
Jesus	PROPN	jesus
.	PUNCT	.
Par	ADP	par
qoi	PRON	coi
,	PUNCT	,
tresbenigne	NOUN	tressancine
Dame	NOUN	dame
,	PUNCT	,
jeo	PRON	je
supplie	VERB	supple
tresaffectuousement	NOUN	tresfautser
qe	SCONJ	que
voz	DET	vostre
plese	NOUN	plaire
qe	SCONJ	que
l'	DET	le
orde	NOUN	ord
plaie	NOUN	plaie
de	ADP	de
mon	DET	mon
nees	NOUN	naistre
soit	VERB	estre
de	ADP	de
celle	DET	cil
joie	NOUN	joie
envolupee	VERB	envoser
,	PUNCT	,
qe	SCONJ	que
voz	DET	vostre
vient	VERB	venir
,	PUNCT	,
douce	ADJ	doux
Dame	NOUN	dame
,	PUNCT	,
sicom	SCONJ	sicomme
j'	PRON	je
ai	VERB	avoir
cy	ADV	ci
devant	ADP	devant
dit	VERB	dire
,	PUNCT	,
et	CCONJ	et
si	ADV	si
entortillee	VERB	ettorner
einz	ADV	ainz
qe	SCONJ	que
riens	NOUN	rien
ne	ADV	ne
puisse	VERB	pöoir
desoremes	VERB	desormer
adeser	VERB	adeser
qe	SCONJ	que
la	DET	le
plaie	NOUN	plaie
grever	VERB	grever
puisse	VERB	pöoir
,	PUNCT	,
mes	DET	mais
garder	VERB	garder
puisse	VERB	pöoir
celle	DET	cil
envolupure	NOUN	enforchelour
mon	DET	mon
nees	NOUN	naistre
de	ADP	de
touz	DET	tout
ords	NOUN	ord
et	CCONJ	et
malveis	ADJ	mauvais
delitz	ADJ	delitier
enfleirer	VERB	enferille
et	CCONJ	et
qe	SCONJ	que
riens	NOUN	rien
ne	ADV	ne
me	PRON	je
puisse	VERB	pöoir
deliter	VERB	delitier
a	ADP	a
fleirer	VERB	flaire
fors	ADV	fors
ceo	DET	ce
qe	SCONJ	que
soit	VERB	estre
plesant	ADJ	plaire
a	ADP	a
vostre	DET	vostre
douz	ADJ	douz
Filtz	NOUN	filt
,	PUNCT	,
douce	ADJ	doux
Dame	NOUN	dame
,	PUNCT	,
et	CCONJ	et
a	ADP	a
voz	DET	vostre
.	PUNCT	.
La	DET	le
plaie	NOUN	plaie
de	ADP	de
la	DET	le
bouche	NOUN	bouche
,	PUNCT	,
douce	ADJ	doux
Dame	NOUN	dame
,	PUNCT	,
averoit	VERB	avoir
ausi	ADV	aussi
grant	ADJ	grant
mestier	NOUN	mestier
d'	ADP	de
estre	VERB	estre
envolupee	VERB	envoser
bien	NOUN	bien
parfitement	ADV	parfoit
et	CCONJ	et
a	ADP	a
poynt	VERB	point
,	PUNCT	,
car	CCONJ	car
moelt	NOUN	moulet
orde	NOUN	ord
et	CCONJ	et
perillouse	ADJ	perillos
est	VERB	estre
et	CCONJ	et
de	ADP	de
tant	ADV	tant
est	VERB	estre
il	PRON	il
plus	ADV	plus
grande	ADJ	grand
bosoigne	NOUN	bosegie
q'	SCONJ	que
elle	PRON	elle
soit	VERB	estre
si	ADV	si
entortillee	VERB	ettorner
qe	SCONJ	que
les	DET	le
emplastres	NOUN	emplastre
ne	ADV	ne
se	PRON	se
remuent	VERB	remüer
et	CCONJ	et
qe	SCONJ	que
riens	NOUN	rien
ne	ADV	ne
touchee	VERB	toucher
qe	SCONJ	que
grever	VERB	grever
y	ADV	y
peusse	VERB	peus
.	PUNCT	.
Celle	DET	celle
plaie	NOUN	plaie
est	VERB	estre
moelt	NOUN	moulet
greve	NOUN	grever
et	CCONJ	et
poet	VERB	pöoir
mult	ADV	moult
grever	VERB	grever
;	PUNCT	;
est	VERB	estre
moelt	NOUN	moulet
greve	NOUN	grever
:	PUNCT	:
c'	CCONJ	ce
est	VERB	estre
qe	SCONJ	que
la	DET	le
plaie	NOUN	plaie
est	VERB	estre
moelt	NOUN	moulet
mortel	ADJ	mortel
et	CCONJ	et
si	ADV	si
incurable	ADJ	incuarcie
qe	SCONJ	que
nul	DET	nul
medicine	NOUN	midicande
ne	ADV	ne
la	DET	le
purroit	VERB	pouvoir
eider	VERB	aidier
ne	ADV	ne
garrir	VERB	garir
si	ADV	si
celle	DET	cil
noun	DET	non
qe	SCONJ	que
est	VERB	estre
pardevant	NOUN	parfaite
dit	VERB	dire
;	PUNCT	;
et	CCONJ	et
bien	NOUN	bien
est	VERB	estre
donqes	ADV	donc
greve	NOUN	grever
celle	DET	cil
plaie	NOUN	plaie
et	CCONJ	et
dolorouse	NOUN	doloros
quant	SCONJ	cant
si	ADV	si
orde	NOUN	ord
est	VERB	estre
et	CCONJ	et
si	ADV	si
perillouse	ADJ	perillos
qe	SCONJ	que
riens	NOUN	rien
ne	ADV	ne
poet	VERB	pöoir
eider	VERB	aidier
cy	ADV	ci
si	ADV	si
preciouses	ADJ	precïos
medicines	NOUN	midicande
noun	DET	non
;	PUNCT	;
et	CCONJ	et
q'	SCONJ	que
elle	PRON	elle
poet	VERB	pöoir
mult	ADV	moult
grever	VERB	grever
,	PUNCT	,
c'	CCONJ	ce
est	VERB	estre
qe	SCONJ	que
la	DET	le
bouche	NOUN	bouche
poet	VERB	pöoir
moelt	NOUN	moulet
de	ADP	de
male	ADJ	mal
faire	VERB	faire
,	PUNCT	,
sicom	SCONJ	sicomme
la	DET	le
moy	PRON	moi
ad	VERB	avoir
sovent	ADJ	sovent
fait	VERB	faire
a	ADP	a
l'	DET	le
alme	NOUN	alem
de	ADP	de
moy	PRON	moi
et	CCONJ	et
au	ADP.DET	a.le
corps	NOUN	corps
et	CCONJ	et
a	ADP	a
meynt	ADJ	metre
autre	ADJ	autre
,	PUNCT	,
en	ADP	en
la	DET	le
manere	NOUN	mener
q'	SCONJ	que
est	VERB	estre
pardevant	NOUN	parfaite
dit	VERB	dire
en	ADP	en
un	DET	un
article	NOUN	article
qe	SCONJ	que
plus	ADV	plus
pleynement	NOUN	pleinement
en	ADP	en
parle	NOUN	parler
de	ADP	de
la	DET	le
malveisté	NOUN	mauvaistié
de	ADP	de
ma	DET	mon
bouche	NOUN	bouche
et	CCONJ	et
la	DET	le
l'	DET	le
en	ADP	en
poet	VERB	pöoir
bien	NOUN	bien
savoir	VERB	savoir
q'	SCONJ	que
elle	PRON	elle
poet	VERB	pöoir
mult	ADV	moult
grever	VERB	grever
,	PUNCT	,
car	CCONJ	car
ceo	DET	ce
qe	SCONJ	que
l'	DET	le
en	ADP	en
fait	VERB	faire
,	PUNCT	,
l'	DET	le
en	ADP	en
poet	VERB	pöoir
.	PUNCT	.
Et	CCONJ	et
qe	SCONJ	que
celle	DET	cil
plaie	NOUN	plaie
est	VERB	estre
mult	ADV	moult
greve	NOUN	grever
,	PUNCT	,
c'	CCONJ	ce
est	VERB	estre
a	ADP	a
dire	VERB	dire
q'	SCONJ	que
elle	PRON	elle
est	VERB	estre
mult	ADV	moult
greve	NOUN	grever
par	ADP	par
ceo	DET	ce
qe	SCONJ	que
la	DET	le
poudre	NOUN	poudre
et	CCONJ	et
l'	DET	le
eir	NOUN	air
et	CCONJ	et
les	DET	le
males	NOUN	mal
mouches	NOUN	mouche
la	DET	le
mal	NOUN	mal
plaie	NOUN	plaie
mult	ADV	moult
grevent	VERB	grever
,	PUNCT	,
car	CCONJ	car
si	ADV	si
overte	VERB	ovrir
est	VERB	estre
celle	DET	cil
male	ADJ	mal
plaie	NOUN	plaie
et	CCONJ	et
si	ADV	si
descovert	VERB	descovrir
,	PUNCT	,
qe	SCONJ	que
touz	DET	tout
enpechementz	NOUN	empêchement
trop	ADV	trop
de	ADP	de
legier	ADJ	legier
grever	VERB	grever
poent	VERB	pöoir
-	PUNCT	-
et	CCONJ	et
trop	ADV	trop
est	VERB	estre
male	ADJ	mal
a	ADP	a
bien	NOUN	bien
garder	VERB	garder
q'	SCONJ	que
elle	PRON	elle
ne	ADV	ne
soit	VERB	estre
mult	ADV	moult
greve	NOUN	grever
,	PUNCT	,
car	CCONJ	car
elle	PRON	elle
ne	ADV	ne
se	PRON	se
voillet	VERB	voloir
pas	NOUN	pas
meismes	ADJ	même
garder	VERB	garder
,	PUNCT	,
et	CCONJ	et
qi	PRON	qui
ne	ADV	ne
se	PRON	se
voelt	VERB	voloir
,	PUNCT	,
sovent	ADJ	sovent
l'	DET	le
en	ADP	en
grever	VERB	grever
poet	VERB	pöoir
,	PUNCT	,
et	CCONJ	et
l'	DET	le
en	ADP	en
le	DET	le
fait	VERB	faire
sovent	ADJ	sovent
en	ADP	en
fait	VERB	faire
,	PUNCT	,
qi	PRON	qui
faire	VERB	faire
le	DET	le
poet	VERB	pöoir
.	PUNCT	.
Ma	DET	mon
tresdouce	NOUN	doux
Dame	NOUN	dame
,	PUNCT	,
ore	NOUN	ore
poetz	NOUN	pöoir
veoir	VERB	vëoir
apertement	NOUN	apertement
qe	SCONJ	que
la	DET	le
male	ADJ	mal
plaie	NOUN	plaie
de	ADP	de
ma	DET	mon
bouche	NOUN	bouche
averoit	VERB	avoir
bien	NOUN	bien
mestier	NOUN	mestier
d'	ADP	de
estre	VERB	estre
envolupee	VERB	envoser
bien	NOUN	bien
et	CCONJ	et
doucement	NOUN	doucement
,	PUNCT	,
si	ADV	si
q'	SCONJ	que
elle	PRON	elle
treusse	VERB	trous
allegeancez	VERB	allegement
de	ADP	de
ces	DET	ce
griefs	ADJ	grief
,	PUNCT	,
et	CCONJ	et
q'	SCONJ	que
elle	PRON	elle
soit	VERB	estre
si	ADV	si
tresbien	NOUN	treinbre
liee	ADJ	lié
et	CCONJ	et
bendee	VERB	bander
q'	SCONJ	que
elle	PRON	elle
ne	ADV	ne
puisse	VERB	pöoir
moy	PRON	moi
ne	ADV	ne
autre	ADJ	autre
desoremes	VERB	desormer
plus	ADV	plus
grever	VERB	grever
et	CCONJ	et
,	PUNCT	,
d'	ADP	de
autre	ADJ	autre
part	NOUN	part
,	PUNCT	,
si	ADV	si
bien	NOUN	bien
de	ADP	de
voz	DET	vostre
beaux	ADJ	beau
drapels	NOUN	draple
,	PUNCT	,
douz	ADJ	douz
Dame	NOUN	dame
,	PUNCT	,
entortillez	VERB	ettordier
et	CCONJ	et
covertz	VERB	covrir
qe	SCONJ	que
riens	NOUN	rien
ne	ADV	ne
puisse	VERB	pöoir
la	DET	le
dite	VERB	dire
mal	NOUN	mal
plaie	NOUN	plaie
enpeirer	NOUN	empereir
ne	ADV	ne
grever	VERB	grever
,	PUNCT	,
qi	PRON	qui
adeser	VERB	adeser
la	DET	le
peusse	VERB	peus
,	PUNCT	,
dont	PRON	dont
elle	PRON	elle
plus	ADV	plus
grevee	NOUN	grever
en	ADP	en
soit	VERB	estre
.	PUNCT	.
Tresdouce	PROPN	doux
Dame	NOUN	dame
,	PUNCT	,
le	DET	le
beal	ADJ	beau
drapelet	NOUN	drepal
en	ADP	en
qoi	PRON	coi
jeo	PRON	je
desirre	VERB	desirrer
qe	SCONJ	que
ma	DET	mon
orde	NOUN	ord
bouche	NOUN	bouche
et	CCONJ	et
la	DET	le
perillouse	ADJ	perillos
plaie	NOUN	plaie
d'	ADP	de
icelle	DET	cil
feust	VERB	être
einz	ADV	ainz
envolupee	VERB	envoser
,	PUNCT	,
c'	CCONJ	ce
est	VERB	estre
une	DET	un
tresgrande	NOUN	restrande
joie	NOUN	joie
,	PUNCT	,
douce	ADJ	doux
Dame	NOUN	dame
,	PUNCT	,
qe	SCONJ	que
voz	DET	vostre
eustez	VERB	avoir
de	ADP	de
vostre	DET	vostre
tresdouce	NOUN	doux
bouche	NOUN	bouche
a	ADP	a
beiser	VERB	baisier
vostre	DET	vostre
filz	NOUN	fil
qe	SCONJ	que
si	ADV	si
tresdouce	NOUN	doux
estoit	VERB	estre
.	PUNCT	.
Et	CCONJ	et
bien	NOUN	bien
poons	NOUN	pouvoir
et	CCONJ	et
devons	VERB	devoir
savoir	VERB	savoir
qe	SCONJ	que
par	ADP	par
grande	ADJ	grand
delite	ADJ	delitier
et	CCONJ	et
grande	ADJ	grand
joie	NOUN	joie
le	DET	le
beisastes	ADJ	baissier
voz	DET	vostre
,	PUNCT	,
douce	ADJ	doux
Dame	NOUN	dame
,	PUNCT	,
pur	ADP	pour
le	DET	le
tresgrant	NOUN	restrandre
amour	NOUN	amour
qe	SCONJ	que
voz	DET	vostre
avetz	NOUN	avoir
a	ADP	a
luy	PRON	lui
et	CCONJ	et
ausi	ADV	aussi
pur	ADP	pour
le	DET	le
grant	ADJ	grant
douceour	ADJ	douger
qe	SCONJ	que
en	ADP	en
luy	PRON	lui
estoit	VERB	estre
.	PUNCT	.
Et	CCONJ	et
d'	ADP	de
autre	ADJ	autre
part	NOUN	part
,	PUNCT	,
douce	ADJ	doux
Dame	NOUN	dame
,	PUNCT	,
si	ADV	si
nette	ADJ	nattre
estoit	VERB	estre
celle	DET	cil
joie	NOUN	joie
et	CCONJ	et
le	DET	le
delit	NOUN	delit
sanz	ADP	sans
nule	DET	nul
tache	VERB	tache
ou	CCONJ	ou
colour	NOUN	color
de	ADP	de
pecché	NOUN	péché
,	PUNCT	,
qe	SCONJ	que
c'	CCONJ	ce
est	VERB	estre
sanz	ADP	sans
doute	ADJ	doute
qe	SCONJ	que
le	DET	le
drapelet	NOUN	drepal
ne	ADV	ne
soit	VERB	estre
si	ADV	si
beaux	ADJ	beau
,	PUNCT	,
si	ADV	si
bons	ADJ	bon
et	CCONJ	et
si	ADV	si
large	ADJ	large
come	SCONJ	come
il	PRON	il
covient	VERB	covenir
estre	VERB	estre
pur	ADP	pour
envoluper	VERB	envoser
si	ADV	si
fait	VERB	faire
mal	NOUN	mal
plaie	NOUN	plaie
et	CCONJ	et
si	ADV	si
tresorde	NOUN	tresorder
et	CCONJ	et
perillouse	ADJ	perillos
come	SCONJ	come
celle	DET	cil
de	ADP	de
ma	DET	mon
bouche	NOUN	bouche
est	VERB	estre
;	PUNCT	;
et	CCONJ	et
moelt	NOUN	moulet
mal	NOUN	mal
avenant	VERB	avenir
serroit	VERB	estre
si	ADV	si
tresord	NOUN	tresordre
chose	NOUN	chose
estre	VERB	estre
envolupee	VERB	envoser
en	ADP	en
un	DET	un
si	ADV	si
noble	ADJ	noble
et	CCONJ	et
si	ADV	si
bele	ADJ	bel
envolupure	NOUN	enforchelour
.	PUNCT	.
Mes	CCONJ	mais
,	PUNCT	,
ma	DET	mon
tresdouce	NOUN	doux
Dame	NOUN	dame
,	PUNCT	,
eietz	NOUN	aider
regarde	VERB	regarder
a	ADP	a
les	DET	le
preciouses	ADJ	precïos
medicines	NOUN	midicande
qe	SCONJ	que
j'	PRON	je
ai	VERB	avoir
requis	VERB	requerre
a	ADP	a
mes	DET	mais
ordes	NOUN	ordre
plaies	NOUN	plaie
garrir	VERB	garir
pur	ADP	pour
le	DET	le
grant	ADJ	grant
bosoigne	NOUN	bosegie
qe	SCONJ	que
j'	PRON	je
ai	VERB	avoir
;	PUNCT	;
si	ADV	si
voz	DET	vostre
plese	NOUN	plaire
,	PUNCT	,
tresdouce	NOUN	doux
Dame	NOUN	dame
,	PUNCT	,
pur	ADP	pour
l'	DET	le
onour	NOUN	onor
de	ADP	de
celles	DET	cil
seintes	VERB	saint
et	CCONJ	et
preciouses	ADJ	precïos
medicines	NOUN	midicande
,	PUNCT	,
ottroier	NOUN	otordier
doucement	NOUN	doucement
l'	DET	le
envolupure	NOUN	enforchelour
en	ADP	en
la	DET	le
manere	NOUN	mener
susdite	ADJ	soudis
de	ADP	de
voz	DET	vostre
doucez	ADJ	douz
joies	NOUN	joie
,	PUNCT	,
siqe	NOUN	siec
jeo	PRON	je
me	PRON	je
puisse	VERB	pöoir
en	ADP	en
ycelles	DET	cil
si	ADV	si
belement	NOUN	belement
entortiller	VERB	ettordier
et	CCONJ	et
si	ADV	si
tresnettement	ADV	trentement
,	PUNCT	,
qe	SCONJ	que
nule	DET	nul
ordure	NOUN	ordure
ne	ADV	ne
puisse	VERB	pöoir
mes	DET	mais
plaies	NOUN	plaie
adeser	VERB	adeser
desorenavant	VERB	desormer
;	PUNCT	;
et	CCONJ	et
nomement	ADV	nommer
,	PUNCT	,
douce	ADJ	doux
Dame	NOUN	dame
,	PUNCT	,
celle	DET	cil
de	ADP	de
la	DET	le
orde	NOUN	ord
bouche	NOUN	bouche
,	PUNCT	,
com	SCONJ	come
elle	PRON	elle
est	VERB	estre
durement	ADV	durement
perillouse	ADJ	perillos
et	CCONJ	et
moelt	NOUN	moulet
est	VERB	estre
overte	VERB	ovrir
,	PUNCT	,
siqe	NOUN	siec
sanz	ADP	sans
gairez	VERB	gaire
de	ADP	de
peyne	NOUN	peine
ist	VERB	issir
et	CCONJ	et
entre	ADP	entre
assez	ADV	assez
de	ADP	de
mals	NOUN	mal
.	PUNCT	.
Par	ADP	par
qoi	PRON	coi
,	PUNCT	,
tresexcellente	VERB	tresleveller
Dame	NOUN	dame
,	PUNCT	,
jeo	PRON	je
voz	DET	vostre
prie	VERB	priier
moelt	NOUN	moulet
acertes	ADV	à.certes
qe	SCONJ	que
celle	DET	cil
lede	ADJ	ledit
plaie	NOUN	plaie
soit	VERB	estre
si	ADV	si
envolupee	VERB	envoser
et	CCONJ	et
bendee	VERB	bander
de	ADP	de
celle	DET	cil
tresgrande	NOUN	restrande
joie	NOUN	joie
qe	SCONJ	que
voz	DET	vostre
en	ADP	en
eustes	VERB	avoir
a	ADP	a
beiser	VERB	baisier
.	PUNCT	.
Uncore	ADV	onorer
de	ADP	de
celle	DET	cil
tresdouce	NOUN	doux
bouche	NOUN	bouche
,	PUNCT	,
tresbele	NOUN	tresalle
Dame	NOUN	dame
,	PUNCT	,
eustes	VERB	avoir
tresfynement	NOUN	tressantinement
grande	ADJ	grand
joie	NOUN	joie
et	CCONJ	et
desduyt	NOUN	de.ledit
de	ADP	de
parler	VERB	parler
doucement	NOUN	doucement
oue	PRON	oeu
vostre	DET	vostre
tresbenoit	VERB	tresance
filz	NOUN	fil
,	PUNCT	,
siqe	NOUN	siec
en	ADP	en
toutz	DET	tout
celles	DET	cil
joies	NOUN	joie
,	PUNCT	,
tresdouce	NOUN	doux
Dame	NOUN	dame
debonaire	ADJ	debonaire
,	PUNCT	,
com	SCONJ	come
en	ADP	en
tresbeaux	ADJ	tresable
,	PUNCT	,
tresblancs	NOUN	trespanclir
et	CCONJ	et
tresnettz	DET	trente
drapels	NOUN	draple
,	PUNCT	,
jeo	PRON	je
vous	PRON	vous
supplie	VERB	supple
qe	SCONJ	que
l'	DET	le
orde	NOUN	ord
,	PUNCT	,
lede	ADJ	ledit
,	PUNCT	,
bouche	NOUN	bouche
de	ADP	de
moy	PRON	moi
soit	VERB	estre
envolupee	VERB	envoser
en	ADP	en
la	DET	le
manere	NOUN	mener
avant	ADV	avant
dite	VERB	dire
,	PUNCT	,
et	CCONJ	et
meultz	DET	moult
,	PUNCT	,
Dame	NOUN	dame
,	PUNCT	,
si	ADV	si
mestier	NOUN	mestier
soit	VERB	estre
,	PUNCT	,
si	ADV	si
mon	DET	mon
dit	VERB	dire
ne	ADV	ne
soit	VERB	estre
mye	ADJ	mie
suffisant	NOUN	suffisant
.	PUNCT	.
Et	CCONJ	et
puis	NOUN	puis
une	DET	un
autre	ADJ	autre
plaie	NOUN	plaie
,	PUNCT	,
trescher	VERB	treschier
et	CCONJ	et
tresdouce	NOUN	doux
Dame	NOUN	dame
,	PUNCT	,
averoie	VERB	avoir
bien	NOUN	bien
ausi	ADV	aussi
grante	ADJ	grant
mestier	NOUN	mestier
de	ADP	de
bien	NOUN	bien
envoluper	VERB	envoser
pur	ADP	pour
garder	VERB	garder
les	DET	le
emplastres	NOUN	emplastre
sus	DET	sus
,	PUNCT	,
et	CCONJ	et
ausi	ADV	aussi
qe	SCONJ	que
riens	NOUN	rien
ne	ADV	ne
toucheast	VERB	toucher
qe	SCONJ	que
plus	ADV	plus
grever	VERB	grever
le	DET	le
poet	VERB	pöoir
desoremes	VERB	desormer
.	PUNCT	.
Car	CCONJ	car
par	ADP	par
ceo	DET	ce
q'	SCONJ	que
elle	PRON	elle
ad	VERB	avoir
estee	VERB	estre
avant	ADV	avant
ore	NOUN	ore
grevee	NOUN	grever
,	PUNCT	,
si	ADV	si
est	VERB	estre
elle	PRON	elle
ore	NOUN	ore
moelt	NOUN	moulet
en	ADP	en
malveis	ADJ	mauvais
poynt	VERB	point
et	CCONJ	et
moelt	NOUN	moulet
perillouse	ADJ	perillos
et	CCONJ	et
tresfieble	NOUN	tresfaillier
estat	NOUN	état
durement	ADV	durement
,	PUNCT	,
si	ADV	si
par	ADP	par
les	DET	le
bons	ADJ	bon
medicines	NOUN	midicande
ne	ADV	ne
soit	VERB	estre
eidee	VERB	aider
par	ADP	par
la	DET	le
douce	ADJ	doux
envolupure	NOUN	enforchelour
de	ADP	de
voz	DET	vostre
,	PUNCT	,
ma	DET	mon
douce	ADJ	doux
Dame	NOUN	dame
.	PUNCT	.
Et	CCONJ	et
cest	DET	cest
plaie	NOUN	plaie
,	PUNCT	,
Dame	NOUN	dame
,	PUNCT	,
si	ADV	si
est	VERB	estre
celle	DET	cil
de	ADP	de
mayns	NOUN	main
,	PUNCT	,
q'	SCONJ	que
est	VERB	estre
moelt	NOUN	moulet
orde	NOUN	ord
et	CCONJ	et
puant	VERB	pouvoir
et	CCONJ	et
tresvile	NOUN	tresplair
certes	ADV	certes
,	PUNCT	,
et	CCONJ	et
celle	DET	cil
de	ADP	de
braz	NOUN	braz
,	PUNCT	,
qe	SCONJ	que
jeo	PRON	je
tiegne	VERB	tenir
tout	DET	tout
une	DET	un
par	ADP	par
ascunes	NOUN	ascuser
resons	NOUN	reson
qe	SCONJ	que
j'	PRON	je
ai	VERB	avoir
dit	VERB	dire
cy	ADV	ci
devant	ADP	devant
.	PUNCT	.
Et	CCONJ	et
,	PUNCT	,
tresdouce	NOUN	doux
Dame	NOUN	dame
,	PUNCT	,
purroie	VERB	pouvoir
jeo	PRON	je
trover	VERB	trover
en	ADP	en
voz	DET	vostre
tant	ADV	tant
de	ADP	de
grace	NOUN	grace
qe	SCONJ	que
jeo	PRON	je
feusse	NOUN	être
envolupee	VERB	envoser
et	CCONJ	et
celle	DET	cil
orde	NOUN	ord
plaie	NOUN	plaie
entortillez	VERB	ettordier
en	ADP	en
une	DET	un
tresgrande	NOUN	restrande
joie	NOUN	joie
qe	SCONJ	que
voz	DET	vostre
,	PUNCT	,
Dame	NOUN	dame
,	PUNCT	,
en	ADP	en
eustes	VERB	avoir
quant	SCONJ	cant
voz	DET	vostre
tenestez	VERB	teneste
vostre	DET	vostre
tresbenoit	VERB	tresance
filz	NOUN	fil
entre	ADP	entre
vos	PRON	vos
douz	ADJ	douz
bras	NOUN	bras
,	PUNCT	,
et	CCONJ	et
si	ADV	si
tresdoucement	NOUN	droutque
le	DET	le
maynastes	ADJ	mainetes
de	ADP	de
voz	DET	vostre
beles	ADJ	bel
doucez	ADJ	douz
mayns	NOUN	main
.	PUNCT	.
Et	CCONJ	et
sicom	SCONJ	sicomme
ceo	DET	ce
n'	ADV	ne
estoit	VERB	estre
mye	ADJ	mie
soulement	ADV	solommer
une	DET	un
foiZe	NOUN	foise
,	PUNCT	,
mes	DET	mais
bien	NOUN	bien
menu	ADJ	menu
et	CCONJ	et
sovent	ADJ	sovent
,	PUNCT	,
jeo	PRON	je
voz	DET	vostre
prie	VERB	priier
doucement	NOUN	doucement
,	PUNCT	,
ma	DET	mon
Dame	NOUN	dame
,	PUNCT	,
qe	SCONJ	que
mes	DET	mais
ordes	NOUN	ordre
mayns	NOUN	main
et	CCONJ	et
mes	DET	mais
ordes	NOUN	ordre
braz	NOUN	braz
qe	SCONJ	que
n'	ADV	ne
ount	VERB	ont
mye	ADJ	mie
ausi	ADV	aussi
tansoulement	NOUN	tansomemont
un	DET	un
foit	NOUN	foi
ledement	ADV	leder
pecché	NOUN	péché
ne	ADV	ne
d'	ADP	de
un	DET	un
soule	ADJ	sol
pecché	NOUN	péché
,	PUNCT	,
mes	DET	mais
de	ADP	de
meynt	ADJ	metre
orde	NOUN	ord
pecché	NOUN	péché
et	CCONJ	et
mult	ADV	moult
tresovent	VERB	tresover
,	PUNCT	,
soient	VERB	estre
envolupez	VERB	envoser
en	ADP	en
ces	DET	ce
beaux	ADJ	beau
et	CCONJ	et
nettz	ADJ	nattre
drapels	NOUN	draple
;	PUNCT	;
c'	CCONJ	ce
est	VERB	estre
a	ADP	a
dire	VERB	dire
,	PUNCT	,
tresdouce	NOUN	doux
Dame	NOUN	dame
,	PUNCT	,
qe	SCONJ	que
ausi	ADV	aussi
com	SCONJ	come
celles	DET	cil
joies	NOUN	joie
de	ADP	de
voz	DET	vostre
estoient	VERB	estre
nettz	ADJ	nattre
et	CCONJ	et
sanz	ADP	sans
nulle	DET	nul
soilleure	NOUN	soillir
de	ADP	de
pecché	NOUN	péché
,	PUNCT	,
qe	SCONJ	que
la	DET	le
plaie	NOUN	plaie
de	ADP	de
mes	DET	mais
meyns	NOUN	moins
qe	SCONJ	que
ont	VERB	avoir
estee	VERB	estre
si	ADV	si
pleines	NOUN	plein
de	ADP	de
l'	DET	le
orde	NOUN	ord
pecché	NOUN	péché
avant	ADV	avant
les	DET	le
preciouses	ADJ	precïos
medicines	NOUN	midicande
,	PUNCT	,
q'	SCONJ	que
elles	PRON	elle
soient	VERB	estre
dezore	ADP	devoir
en	ADP	en
avant	ADV	avant
en	ADP	en
celles	DET	cil
douces	ADJ	doux
joies	NOUN	joie
si	ADV	si
bien	NOUN	bien
entortillez	VERB	ettordier
et	CCONJ	et
si	ADV	si
bele	ADJ	bel
,	PUNCT	,
qe	SCONJ	que
nul	DET	nul
ordure	NOUN	ordure
ne	ADV	ne
puisse	VERB	pöoir
toucher	VERB	toucher
,	PUNCT	,
eynz	ADV	ainz
soient	VERB	estre
desore	ADP	desor
nettement	ADV	neter
gardez	VERB	garder
et	CCONJ	et
celle	DET	cil
plaie	NOUN	plaie
si	ADV	si
envolupee	VERB	envoser
qe	SCONJ	que
les	DET	le
preciouses	ADJ	precïos
medicines	NOUN	midicande
pardevant	NOUN	parfaite
ditez	VERB	dire
ne	ADV	ne
perdent	VERB	perdre
lour	DET	lour
vertues	NOUN	vertu
en	ADP	en
moy	PRON	moi
per	NOUN	per
defaute	ADJ	défaute
de	ADP	de
moy	PRON	moi
ne	ADV	ne
par	ADP	par
defaute	ADJ	défaute
d'	ADP	de
envolupuree	VERB	enforcelour
,	PUNCT	,
ne	ADV	ne
qe	SCONJ	que
nul	DET	nul
orde	NOUN	ord
delit	NOUN	delit
ne	ADV	ne
me	PRON	je
puisse	VERB	pöoir
toucher	VERB	toucher
la	DET	le
plaie	NOUN	plaie
des	ADP.DET	de.le
mayns	NOUN	main
desore	ADP	desor
par	ADP	par
la	DET	le
vertue	NOUN	vertu
de	ADP	de
celle	DET	cil
bel	ADJ	bel
bendure	ADJ	bendre
.	PUNCT	.
Et	CCONJ	et
d'	ADP	de
autre	ADJ	autre
part	NOUN	part
,	PUNCT	,
douce	ADJ	doux
Dame	NOUN	dame
,	PUNCT	,
grande	ADJ	grand
joie	NOUN	joie
voz	DET	vostre
feust	VERB	être
quant	SCONJ	cant
de	ADP	de
voz	DET	vostre
doucez	ADJ	douz
mayns	NOUN	main
vostre	DET	vostre
tresbenoit	VERB	tresance
filz	NOUN	fil
envolupastes	VERB	envoscler
si	ADV	si
doucement	NOUN	doucement
en	ADP	en
les	DET	le
plus	ADV	plus
beaux	ADJ	beau
draples	NOUN	draple
qe	SCONJ	que
voz	DET	vostre
avoir	VERB	avoir
peustes	NOUN	pouvoir
ou	CCONJ	ou
chevir	VERB	chevir
,	PUNCT	,
et	CCONJ	et
puis	NOUN	puis
estroitement	NOUN	estroitier
en	ADP	en
voz	DET	vostre
douz	ADJ	douz
braz	NOUN	braz
ausi	ADV	aussi
l'	DET	le
envolupastes	VERB	envoscler
,	PUNCT	,
et	CCONJ	et
entortillez	VERB	ettordier
estoit	VERB	estre
mult	ADV	moult
doucement	NOUN	doucement
.	PUNCT	.
Et	CCONJ	et
,	PUNCT	,
coment	VERB	comment
qe	SCONJ	que
ceo	DET	ce
n'	ADV	ne
estoit	VERB	estre
mye	ADJ	mie
uncore	ADV	oncorer
envolupure	NOUN	enforchelour
suffisante	NOUN	suffisant
au	ADP.DET	a.le
Filz	NOUN	fil
Dieux	PROPN	dieu
,	PUNCT	,
bien	NOUN	bien
croie	VERB	croire
et	CCONJ	et
say	VERB	savoir
de	ADP	de
verray	VERB	voirrar
qe	SCONJ	que
moelt	NOUN	moulet
bien	NOUN	bien
luy	PRON	lui
plust	ADV	plus
,	PUNCT	,
et	CCONJ	et
autrement	ADV	autrement
de	ADP	de
ceo	DET	ce
riens	NOUN	rien
ne	ADV	ne
feust	VERB	être
ne	ADV	ne
eust	VERB	avoir
estee	VERB	estre
.	PUNCT	.
Et	CCONJ	et
puis	NOUN	puis
,	PUNCT	,
tresdouce	NOUN	doux
Dame	NOUN	dame
,	PUNCT	,
qe	SCONJ	que
luy	PRON	lui
plust	ADV	plus
par	ADP	par
sa	DET	son
grande	ADJ	grand
humilité	NOUN	humilité
prendre	VERB	prendre
en	ADP	en
gree	NOUN	greer
celle	DET	cil
envolupure	NOUN	enforchelour
qe	SCONJ	que
si	ADV	si
poure	NOUN	pour
estoit	VERB	estre
solonc	NOUN	solont
son	DET	son
estat	NOUN	état
de	ADP	de
par	ADP	par
le	DET	le
Pier	PROPN	pier
,	PUNCT	,
jeo	PRON	je
voz	DET	vostre
requer	VERB	requerre
,	PUNCT	,
bele	ADJ	bel
tresdouce	NOUN	doux
Dame	NOUN	dame
et	CCONJ	et
miere	NOUN	mier
,	PUNCT	,
qe	SCONJ	que
en	ADP	en
remenbrance	NOUN	remembrer
de	ADP	de
celle	DET	cil
grande	ADJ	grand
humblesce	NOUN	humblet
et	CCONJ	et
bonté	NOUN	bonté
,	PUNCT	,
et	CCONJ	et
de	ADP	de
la	DET	le
joie	NOUN	joie
parfit	ADJ	parfoit
qe	SCONJ	que
voz	DET	vostre
en	ADP	en
eustes	VERB	avoir
,	PUNCT	,
qe	SCONJ	que
jeo	PRON	je
soie	NOUN	estre
si	ADV	si
tresbien	NOUN	treinbre
envolupez	VERB	envoser
qe	SCONJ	que
riens	NOUN	rien
adeser	VERB	adeser
me	PRON	je
puisse	VERB	pöoir
qe	SCONJ	que
desoremes	VERB	desormer
l'	DET	le
orde	NOUN	ord
plaie	NOUN	plaie
de	ADP	de
mes	DET	mais
mayns	NOUN	main
grever	VERB	grever
puisse	VERB	pöoir
,	PUNCT	,
einz	ADV	ainz
me	PRON	je
soit	VERB	estre
celle	DET	cil
bone	ADJ	bon
bende	ADJ	bende
bien	NOUN	bien
eidant	VERB	aidier
a	ADP	a
lier	NOUN	liier
et	CCONJ	et
a	ADP	a
tenir	VERB	tenir
les	DET	le
autres	PRON	autre
medicines	NOUN	midicande
,	PUNCT	,
q'	SCONJ	que
elles	PRON	elle
ne	ADV	ne
se	PRON	se
bougent	NOUN	bouger
de	ADP	de
mes	DET	mais
plaies	NOUN	plaie
tant	ADV	tant
ne	ADV	ne
quant	SCONJ	cant
,	PUNCT	,
mes	DET	mais
demurrent	VERB	demeurer
fermement	NOUN	fermement
sus	DET	sus
pur	ADP	pour
bien	NOUN	bien
et	CCONJ	et
tout	DET	tout
garrir	VERB	garir
.	PUNCT	.
Et	CCONJ	et
ausi	ADV	aussi
,	PUNCT	,
Dame	NOUN	dame
,	PUNCT	,
qe	SCONJ	que
celle	DET	cil
douce	ADJ	doux
bende	ADJ	bende
me	PRON	je
garde	NOUN	garde
de	ADP	de
touz	DET	tout
impedimentz	ADJ	imptement
qe	SCONJ	que
a	ADP	a
celle	DET	cil
orde	NOUN	ord
plaie	NOUN	plaie
avenir	VERB	avenir
purroient	VERB	pouvoir
et	CCONJ	et
nomement	ADV	nommer
par	ADP	par
trois	DET	trois
pardevant	NOUN	parfaite
ditz	NOUN	dire
,	PUNCT	,
c'	CCONJ	ce
est	VERB	estre
assavoir	VERB	assavoir
de	ADP	de
mouches	NOUN	mouche
,	PUNCT	,
de	ADP	de
la	DET	le
poudre	NOUN	poudre
et	CCONJ	et
del	ADP.DET	de.le
eir	NOUN	air
.	PUNCT	.
Apres	ADP	après
,	PUNCT	,
tresdouce	NOUN	doux
Dame	NOUN	dame
,	PUNCT	,
l'	DET	le
envolupure	NOUN	enforchelour
de	ADP	de
mayns	NOUN	main
,	PUNCT	,
si	ADV	si
averoie	VERB	avoir
bien	NOUN	bien
grande	ADJ	grand
bosoigne	NOUN	bosegie
qe	SCONJ	que
les	DET	le
ordes	NOUN	ordre
pieez	NOUN	pié
de	ADP	de
moy	PRON	moi
feussent	ADJ	faire
ausi	ADV	aussi
envolupés	VERB	envoser
et	CCONJ	et
celle	DET	cil
lede	ADJ	ledit
plaie	NOUN	plaie
qe	SCONJ	que
illoqes	DET	illuec
est	VERB	estre
feust	VERB	être
ensi	ADV	ainsi
entortillee	VERB	ettorner
de	ADP	de
voz	DET	vostre
beaux	ADJ	beau
drapels	NOUN	draple
,	PUNCT	,
qe	SCONJ	que
rien	NOUN	rien
ne	ADV	ne
les	DET	le
poet	VERB	pöoir
desore	ADP	desor
toucher	VERB	toucher
qe	SCONJ	que
les	DET	le
poet	VERB	pöoir
grever	VERB	grever
ne	ADV	ne
nuyre	VERB	nuire
,	PUNCT	,
ne	ADV	ne
le	DET	le
mal	NOUN	mal
plus	ADV	plus
agreger	VERB	agreger
;	PUNCT	;
car	CCONJ	car
assez	ADV	assez
soufit	VERB	souffir
le	DET	le
mal	NOUN	mal
de	ADP	de
temps	NOUN	temps
passee	NOUN	passer
sanz	ADP	sans
nul	DET	nul
novel	ADJ	novel
ajoustement	NOUN	ajouter
de	ADP	de
male	ADJ	mal
.	PUNCT	.
L'	DET	le
ordure	NOUN	ordure
de	ADP	de
la	DET	le
plaie	NOUN	plaie
,	PUNCT	,
tresdouce	NOUN	doux
Dame	NOUN	dame
,	PUNCT	,
ne	ADV	ne
com	SCONJ	come
perillouse	ADJ	perillos
elle	PRON	elle
est	VERB	estre
,	PUNCT	,
ne	ADV	ne
me	PRON	je
covient	VERB	covenir
ja	ADV	ja
dire	VERB	dire
,	PUNCT	,
car	CCONJ	car
pardevant	NOUN	parfaite
dit	VERB	dire
est	VERB	estre
si	ADV	si
pleinement	ADV	pleinement
com	SCONJ	come
le	DET	le
savoie	VERB	savoir
faire	VERB	faire
par	ADP	par
la	DET	le
grace	NOUN	grace
,	PUNCT	,
tresdouce	NOUN	doux
Dame	NOUN	dame
,	PUNCT	,
de	ADP	de
vostre	DET	vostre
tresbenoit	VERB	tresance
Filz	NOUN	fil
et	CCONJ	et
de	ADP	de
voz	DET	vostre
,	PUNCT	,
siqe	NOUN	siec
riens	NOUN	rien
de	ADP	de
ceo	DET	ce
ne	ADV	ne
m'	PRON	je
estut	VERB	estovoir
plus	ADV	plus
a	ADP	a
dire	VERB	dire
,	PUNCT	,
forsqe	NOUN	fors
,	PUNCT	,
apres	ADV	après
les	DET	le
preciouses	ADJ	precïos
medicines	NOUN	midicande
,	PUNCT	,
requere	VERB	requerre
le	DET	le
douce	ADJ	doux
envolupure	NOUN	enforchelour
,	PUNCT	,
sicom	SCONJ	sicomme
j'	PRON	je
ai	VERB	avoir
fait	VERB	faire
cy	ADV	ci
devant	ADP	devant
pur	ADP	pour
les	DET	le
autres	PRON	autre
plaies	NOUN	plaie
.	PUNCT	.
Tresdouce	PROPN	doux
Dame	NOUN	dame
,	PUNCT	,
la	DET	le
mal	NOUN	mal
plaie	NOUN	plaie
de	ADP	de
mes	DET	mais
pieez	NOUN	pié
jeo	PRON	je
voz	DET	vostre
prie	VERB	priier
d'	ADP	de
entier	ADJ	entier
coer	NOUN	coer
q'	SCONJ	que
elle	PRON	elle
soit	VERB	estre
envolupee	VERB	envoser
en	ADP	en
une	DET	un
tresgrande	NOUN	restrande
joie	NOUN	joie
qe	SCONJ	que
par	ADP	par
voz	DET	vostre
douz	ADJ	douz
pieez	NOUN	pié
au	ADP.DET	a.le
coer	NOUN	coer
humble	ADJ	humble
voz	DET	vostre
vient	VERB	venir
:	PUNCT	:
et	CCONJ	et
c'	CCONJ	ce
estoit	VERB	estre
,	PUNCT	,
Dame	NOUN	dame
,	PUNCT	,
quant	SCONJ	cant
voz	DET	vostre
alastes	VERB	aler
offrir	VERB	offrir
vostre	DET	vostre
tresbenoit	VERB	tresance
filz	NOUN	fil
au	ADP.DET	a.le
Temple	NOUN	temple
,	PUNCT	,
et	CCONJ	et
par	ADP	par
celle	DET	cil
benoit	VERB	benoiier
alee	VERB	aler
le	DET	le
grant	ADJ	grant
desir	ADP	desirrer
de	ADP	de
Seynt	ADJ	saint
Symeon	PROPN	simone
estoit	VERB	estre
acompli	VERB	accomplir
tout	DET	tout
pleinement	ADV	pleinement
.	PUNCT	.
Et	CCONJ	et
ausi	ADV	aussi
voz	DET	vostre
requer	VERB	requerre
,	PUNCT	,
ma	DET	mon
douce	ADJ	doux
Dame	NOUN	dame
,	PUNCT	,
qe	SCONJ	que
un	DET	un
partie	NOUN	partie
de	ADP	de
mon	DET	mon
desire	VERB	desirrer
soit	VERB	estre
par	ADP	par
cest	DET	cest
grant	ADJ	grant
joi	NOUN	joi
acompli	VERB	accomplir
,	PUNCT	,
en	ADP	en
tant	ADV	tant
au	ADP.DET	a.le
meyns	NOUN	moins
qe	SCONJ	que
jeo	PRON	je
puisse	VERB	pöoir
en	ADP	en
celle	DET	cil
joie	NOUN	joie
mez	VERB	metre
ords	NOUN	ord
pieez	NOUN	pié
,	PUNCT	,
qe	SCONJ	que
sont	VERB	estre
si	ADV	si
perillousement	NOUN	prelieurs
navrez	VERB	navrer
,	PUNCT	,
si	ADV	si
envoluper	VERB	envoser
et	CCONJ	et
si	ADV	si
nettement	ADV	neter
coverir	VERB	covrir
,	PUNCT	,
qe	SCONJ	que
desoremes	VERB	desormer
nul	DET	nul
ordure	NOUN	ordure
ne	ADV	ne
les	DET	le
puisse	VERB	pöoir
pas	NOUN	pas
toucher	VERB	toucher
ne	ADV	ne
nuyre	VERB	nuire
,	PUNCT	,
einz	ADV	ainz
soient	VERB	estre
par	ADP	par
celle	DET	cil
entortillure	NOUN	ettordion
bel	ADJ	bel
et	CCONJ	et
blanche	ADJ	blanc
si	ADV	si
nettement	ADV	neter
gardez	VERB	garder
,	PUNCT	,
qe	SCONJ	que
nul	DET	nul
orde	NOUN	ord
pecché	NOUN	péché
ne	ADV	ne
les	DET	le
puisse	VERB	pöoir
plus	ADV	plus
adeser	VERB	adeser
qe	SCONJ	que
encombrer	VERB	encombrer
puisse	VERB	pöoir
la	DET	le
cheitive	ADJ	chaitif
alme	NOUN	alem
.	PUNCT	.
Et	CCONJ	et
jeo	PRON	je
voz	DET	vostre
prie	VERB	priier
,	PUNCT	,
ma	DET	mon
tresdouce	NOUN	doux
Dame	NOUN	dame
,	PUNCT	,
qe	SCONJ	que
desoremes	VERB	desormer
mes	DET	mais
pieez	NOUN	pié
soient	VERB	estre
si	ADV	si
fort	ADJ	fort
entortillez	VERB	ettordier
et	CCONJ	et
liez	ADJ	lié
en	ADP	en
celle	DET	cil
douce	ADJ	doux
bendee	VERB	bander
,	PUNCT	,
qe	SCONJ	que
jeo	PRON	je
n'	ADV	ne
eie	NOUN	ai
nul	DET	nul
poair	VERB	pöoir
de	ADP	de
nul	DET	nul
part	NOUN	part
aler	VERB	aler
ne	ADV	ne
a	ADP	a
mon	DET	mon
malveise	ADJ	mauvais
piee	NOUN	piee
mover	VERB	movoir
cea	DET	ceau
ne	ADV	ne
la	DET	le
sanz	ADP	sans
le	DET	le
congiee	NOUN	congié
et	CCONJ	et
la	DET	le
bon	ADJ	bon
volenté	NOUN	volenté
de	ADP	de
mon	DET	mon
bon	ADJ	bon
meistre	ADJ	maistre
et	CCONJ	et
de	ADP	de
voz	DET	vostre
;	PUNCT	;
car	CCONJ	car
donqes	ADV	donc
sai	VERB	savoir
jeo	PRON	je
bien	NOUN	bien
certeinement	NOUN	certeinement
,	PUNCT	,
tresdouce	NOUN	doux
Dame	NOUN	dame
,	PUNCT	,
qe	SCONJ	que
jeo	PRON	je
ere	NOUN	ere
garriz	VERB	garir
.	PUNCT	.
Et	CCONJ	et
bien	NOUN	bien
ai	VERB	avoir
oÿe	VERB	ouïr
dire	VERB	dire
sovent	ADJ	sovent
qe	SCONJ	que
un	DET	un
male	ADJ	mal
jambe	NOUN	jambe
ou	CCONJ	ou
malveise	ADJ	mauvais
piee	NOUN	piee
si	ADV	si
demande	VERB	demander
repos	NOUN	repos
,	PUNCT	,
si	ADV	si
bien	NOUN	bien
garrir	VERB	garir
doit	VERB	devoir
.	PUNCT	.
Et	CCONJ	et
,	PUNCT	,
douce	ADJ	doux
Dame	NOUN	dame
,	PUNCT	,
jeo	PRON	je
vorroie	VERB	voir
garrir	VERB	garir
et	CCONJ	et
temps	NOUN	temps
serroit	VERB	estre
de	ADP	de
reposer	VERB	reposer
de	ADP	de
male	ADJ	mal
faire	VERB	faire
,	PUNCT	,
pur	ADP	pour
plustost	ADV	plutôt
et	CCONJ	et
plus	ADV	plus
sovereinement	NOUN	soverment
garrir	VERB	garir
et	CCONJ	et
pur	ADP	pour
venir	VERB	venir
a	ADP	a
repos	NOUN	repos
ou	CCONJ	ou
reposent	VERB	reposer
le	DET	le
seyntz	NOUN	saint
de	ADP	de
Paradis	NOUN	paradis
-	PUNCT	-
au	ADP.DET	a.le
quel	DET	quel
repos	NOUN	repos
nous	PRON	nous
mette	NOUN	mettre
le	DET	le
Sire	NOUN	seignor
de	ADP	de
repos	NOUN	repos
par	ADP	par
sa	DET	son
mercy	NOUN	merci
!	PUNCT	!
Et	CCONJ	et
,	PUNCT	,
tresdouce	NOUN	doux
Dame	NOUN	dame
,	PUNCT	,
lietz	ADJ	lité
moy	PRON	moi
si	ADV	si
les	DET	le
pieez	NOUN	pié
qe	SCONJ	que
jeo	PRON	je
ne	ADV	ne
puisse	VERB	pöoir
pas	NOUN	pas
aler	VERB	aler
ne	ADV	ne
travailler	VERB	travaillier
entre	ADP	entre
ceaux	ADJ	cela
qe	SCONJ	que
n'	ADV	ne
ont	VERB	avoir
jammes	NOUN	jamme
repos	NOUN	repos
,	PUNCT	,
einz	ADV	ainz
sont	VERB	estre
toutdis	DET	tout
et	CCONJ	et
serront	VERB	estre
sanz	ADP	sans
repos	NOUN	repos
en	ADP	en
dolorouse	NOUN	doloros
peyne	NOUN	peine
et	CCONJ	et
a	ADP	a
grante	ADJ	grant
travaille	NOUN	travaillier
.	PUNCT	.
Ces	DET	ce
sont	VERB	estre
cil	DET	cel
qe	SCONJ	que
ount	VERB	ont
alee	VERB	aler
cy	ADV	ci
sur	ADP	sur
lour	DET	lour
malveis	ADJ	mauvais
piee	NOUN	piee
et	CCONJ	et
tant	ADV	tant
travaillé	VERB	travaillier
en	ADP	en
male	ADJ	mal
et	CCONJ	et
en	ADP	en
pecché	NOUN	péché
,	PUNCT	,
qe	SCONJ	que
affolez	VERB	affoler
sont	VERB	estre
avant	ADV	avant
qe	SCONJ	que
garrir	VERB	garir
puissent	VERB	pöoir
et	CCONJ	et
mortz	VERB	mort
de	ADP	de
la	DET	le
male	ADJ	mal
mort	NOUN	mort
-	PUNCT	-
c'	CCONJ	ce
est	VERB	estre
en	ADP	en
le	DET	le
puys	NOUN	puis
d'	ADP	de
enfern	NOUN	enfer
entre	ADP	entre
touz	DET	tout
les	DET	le
diables	NOUN	dïable
.	PUNCT	.
De	ADP	de
ceo	DET	ce
travaille	NOUN	travaillier
nous	PRON	nous
garde	NOUN	garde
le	DET	le
Filz	NOUN	fil
Dieux	PROPN	dieu
,	PUNCT	,
a	ADP	a
la	DET	le
request	VERB	requerre
et	CCONJ	et
prier	VERB	priier
de	ADP	de
voz	DET	vostre
,	PUNCT	,
Dame	NOUN	dame
,	PUNCT	,
q'	SCONJ	que
estes	VERB	estre
sa	DET	son
douce	ADJ	doux
miere	NOUN	mier
.	PUNCT	.
Ma	DET	mon
tresdouce	NOUN	doux
Dame	NOUN	dame
Seinte	ADJ	saint
Marie	PROPN	marie
,	PUNCT	,
apres	ADV	après
toutz	DET	tout
ces	DET	ce
seintes	VERB	saint
et	CCONJ	et
douces	ADJ	doux
envolupures	NOUN	enforcelour
de	ADP	de
mes	DET	mais
ordes	NOUN	ordre
plaiez	NOUN	plaie
,	PUNCT	,
si	ADV	si
voz	DET	vostre
ai	VERB	avoir
jeo	PRON	je
,	PUNCT	,
douce	ADJ	doux
Dame	NOUN	dame
,	PUNCT	,
a	ADP	a
moustrer	VERB	moustroy
une	DET	un
q'	SCONJ	que
est	VERB	estre
la	DET	le
darreyn	ADJ	derrain
;	PUNCT	;
mes	DET	mais
noun	DET	non
est	VERB	estre
pas	NOUN	pas
le	DET	le
meyndre	ADJ	mener
,	PUNCT	,
einz	ADV	ainz
est	VERB	estre
de	ADP	de
toutz	DET	tout
les	DET	le
autres	PRON	autre
la	DET	le
plus	ADV	plus
grande	ADJ	grand
et	CCONJ	et
la	DET	le
plus	ADV	plus
parfonde	ADJ	parfont
et	CCONJ	et
la	DET	le
plus	ADV	plus
perillouse	ADJ	perillos
-	PUNCT	-
et	CCONJ	et
ceo	DET	ce
poet	VERB	pöoir
l'	DET	le
en	ADP	en
un	DET	un
partie	NOUN	partie
savoir	VERB	savoir
cy	ADV	ci
devant	ADP	devant
,	PUNCT	,
la	DET	le
ou	CCONJ	ou
cest	DET	cest
plaie	NOUN	plaie
est	VERB	estre
plus	ADV	plus
pleinement	ADV	pleinement
moustree	NOUN	moustre
et	CCONJ	et
descoverte	VERB	descovrir
-	PUNCT	-
siqe	NOUN	siec
,	PUNCT	,
douce	ADJ	doux
Dame	NOUN	dame
,	PUNCT	,
j'	PRON	je
ai	VERB	avoir
mult	ADV	moult
grante	ADJ	grant
bosoigne	NOUN	bosegie
qe	SCONJ	que
voz	DET	vostre
preignetz	NOUN	prendre
bone	ADJ	bon
garde	NOUN	garde
pur	ADP	pour
bien	NOUN	bien
envoluper	VERB	envoser
celle	DET	cil
orde	NOUN	ord
piece	NOUN	piece
de	ADP	de
char	NOUN	char
:	PUNCT	:
c'	CCONJ	ce
est	VERB	estre
le	DET	le
malveis	ADJ	mauvais
coer	NOUN	coer
de	ADP	de
moy	PRON	moi
,	PUNCT	,
q'	SCONJ	que
est	VERB	estre
sours	NOUN	sous
et	CCONJ	et
recetterez	VERB	receter
de	ADP	de
touz	DET	tout
les	DET	le
mals	NOUN	mal
de	ADP	de
mounde	NOUN	moudie
.	PUNCT	.
Les	DET	le
mals	NOUN	mal
de	ADP	de
monde	NOUN	monde
sont	VERB	estre
les	DET	le
pecchez	NOUN	peché
qe	SCONJ	que
entre	ADP	entre
nous	PRON	nous
fesons	NOUN	feson
en	ADP	en
ceo	DET	ce
monde	NOUN	monde
et	CCONJ	et
honysons	NOUN	honir
le	DET	le
monde	NOUN	monde
de	ADP	de
nostre	DET	notre
malveisté	NOUN	mauvaistié
,	PUNCT	,
car	CCONJ	car
tiele	NOUN	tel
come	SCONJ	come
nous	PRON	nous
sumes	NOUN	sume
,	PUNCT	,
tiele	NOUN	tel
est	VERB	estre
le	DET	le
monde	NOUN	monde
.	PUNCT	.
Certes	ADV	certes
donqes	ADV	donc
est	VERB	estre
il	PRON	il
pur	ADP	pour
moy	PRON	moi
moelt	NOUN	moulet
empirree	NOUN	empirer
,	PUNCT	,
car	CCONJ	car
pleyne	ADJ	plein
siu	DET	six
de	ADP	de
pecché	NOUN	péché
et	CCONJ	et
de	ADP	de
moelt	NOUN	moulet
de	ADP	de
mal	NOUN	mal
,	PUNCT	,
si	ADV	si
socourré	VERB	souprer
ne	ADV	ne
soie	NOUN	estre
par	ADP	par
les	DET	le
douces	ADJ	doux
medicines	NOUN	midicande
pardevant	NOUN	parfaite
dites	VERB	dire
et	CCONJ	et
gardee	VERB	garder
de	ADP	de
l'	DET	le
envolupere	VERB	envosclëor
ausi	ADV	aussi
pardevant	NOUN	parfaite
dite	VERB	dire
de	ADP	de
voz	DET	vostre
douces	ADJ	doux
joies	NOUN	joie
,	PUNCT	,
douce	ADJ	doux
Dame	NOUN	dame
.	PUNCT	.
Et	CCONJ	et
cest	DET	cest
plaie	NOUN	plaie
si	ADV	si
averoit	VERB	avoir
,	PUNCT	,
outre	ADP	outre
toutes	DET	tout
les	DET	le
autres	PRON	autre
,	PUNCT	,
grante	ADJ	grant
bosoigne	NOUN	bosegie
d'	ADP	de
estre	VERB	estre
bien	NOUN	bien
et	CCONJ	et
bel	ADJ	bel
entortillee	VERB	ettorner
de	ADP	de
voz	DET	vostre
beaux	ADJ	beau
drapels	NOUN	draple
,	PUNCT	,
car	CCONJ	car
de	ADP	de
toutz	DET	tout
les	DET	le
autres	PRON	autre
si	ADV	si
est	VERB	estre
elle	PRON	elle
la	DET	le
plus	ADV	plus
perillouse	ADJ	perillos
et	CCONJ	et
la	DET	le
plus	ADV	plus
mortele	ADJ	mortel
.	PUNCT	.
Et	CCONJ	et
de	ADP	de
trestoutz	DET	trestot
les	DET	le
joies	NOUN	joie
,	PUNCT	,
tresdouce	NOUN	doux
Dame	NOUN	dame
,	PUNCT	,
qe	SCONJ	que
voz	DET	vostre
unqes	DET	onque
avietz	VERB	avié
,	PUNCT	,
celle	DET	cil
de	ADP	de
coer	NOUN	coer
de	ADP	de
voz	DET	vostre
estoit	VERB	estre
,	PUNCT	,
est	VERB	estre
et	CCONJ	et
touz	DET	tout
jours	NOUN	jour
serra	VERB	serrer
la	DET	le
plus	ADV	plus
grande	ADJ	grand
,	PUNCT	,
car	CCONJ	car
nule	DET	nul
joie	NOUN	joie
n'	ADV	ne
est	VERB	estre
,	PUNCT	,
si	ADV	si
de	ADP	de
coer	NOUN	coer
ne	ADV	ne
vient	VERB	venir
et	CCONJ	et
ausi	ADV	aussi
nul	DET	nul
peché	NOUN	péché
n'	ADV	ne
est	VERB	estre
,	PUNCT	,
si	ADV	si
de	ADP	de
coer	NOUN	coer
ne	ADV	ne
vient	VERB	venir
ou	CCONJ	ou
qe	SCONJ	que
y	ADV	y
demeure	NOUN	demeurer
.	PUNCT	.
Siqe	NOUN	siec
,	PUNCT	,
tresdouce	NOUN	doux
Dame	NOUN	dame
,	PUNCT	,
de	ADP	de
celles	DET	cil
tresgrandes	NOUN	restrande
joies	NOUN	joie
qe	SCONJ	que
en	ADP	en
coer	NOUN	coer
voz	DET	vostre
viendrent	VERB	venir
et	CCONJ	et
fermement	NOUN	fermement
voz	DET	vostre
demeurent	VERB	demeurer
sanz	ADP	sans
nuiance	NOUN	noincre
et	CCONJ	et
demoront	NOUN	demeurer
toutdis	DET	tout
,	PUNCT	,
jeo	PRON	je
voz	DET	vostre
prie	VERB	priier
,	PUNCT	,
douce	ADJ	doux
Dame	NOUN	dame
,	PUNCT	,
qe	SCONJ	que
j'	PRON	je
ai	VERB	avoir
l'	DET	le
orde	NOUN	ord
et	CCONJ	et
malveis	ADJ	mauvais
coer	NOUN	coer
de	ADP	de
moy	PRON	moi
si	ADV	si
envolupee	VERB	envoser
qe	SCONJ	que
jeo	PRON	je
n'	ADV	ne
eie	NOUN	ai
de	ADP	de
riens	NOUN	rien
joie	NOUN	joie
qe	SCONJ	que
voz	DET	vostre
poet	VERB	pöoir
desplere	VERB	déplarer
.	PUNCT	.
Et	CCONJ	et
sicome	NOUN	sicomme
,	PUNCT	,
Dame	NOUN	dame
,	PUNCT	,
voz	DET	vostre
douz	ADJ	douz
pensers	NOUN	penser
estoient	VERB	estre
si	ADV	si
nettz	ADJ	nattre
et	CCONJ	et
si	ADV	si
joious	NOUN	joious
a	ADP	a
voz	DET	vostre
douz	ADJ	douz
coer	NOUN	coer
,	PUNCT	,
ausi	ADV	aussi
voz	DET	vostre
requer	VERB	requerre
,	PUNCT	,
treschere	VERB	treschér
Dame	NOUN	dame
,	PUNCT	,
qe	SCONJ	que
mes	DET	mais
pensers	NOUN	penser
me	PRON	je
soient	VERB	estre
desore	ADP	desor
en	ADP	en
avante	ADP	avant
en	ADP	en
nule	DET	nul
chose	NOUN	chose
qe	SCONJ	que
destourber	VERB	détourber
puisse	VERB	pöoir
la	DET	le
cheitive	ADJ	chaitif
alme	NOUN	alem
de	ADP	de
moy	PRON	moi
a	ADP	a
venir	VERB	venir
a	ADP	a
la	DET	le
joie	NOUN	joie
sanz	ADP	sans
fyn	NOUN	fin
,	PUNCT	,
ne	ADV	ne
qe	SCONJ	que
jeo	PRON	je
ne	ADV	ne
perde	NOUN	perdre
mye	ADJ	mie
celle	DET	cil
grande	ADJ	grand
longe	NOUN	long
joie	NOUN	joie
pur	ADP	pour
un	DET	un
petite	ADJ	petit
court	NOUN	cour
joie	NOUN	joie
icy	ADV	ici
;	PUNCT	;
et	CCONJ	et
de	ADP	de
tout	DET	tout
ceo	DET	ce
qe	SCONJ	que
poet	VERB	pöoir
tourner	VERB	tourner
au	ADP.DET	a.le
pecché	NOUN	péché
,	PUNCT	,
tresdouce	NOUN	doux
Dame	NOUN	dame
,	PUNCT	,
destourbetz	VERB	détourder
mon	DET	mon
coer	NOUN	coer
a	ADP	a
penser	VERB	penser
,	PUNCT	,
et	CCONJ	et
tournetz	NOUN	tourner
les	DET	le
males	NOUN	mal
joies	NOUN	joie
de	ADP	de
mon	DET	mon
coer	NOUN	coer
en	ADP	en
dolour	NOUN	dolor
de	ADP	de
coer	NOUN	coer
,	PUNCT	,
siqe	NOUN	siec
jeo	PRON	je
ne	ADV	ne
perde	NOUN	perdre
mye	ADJ	mie
la	DET	le
joie	NOUN	joie
sanz	ADP	sans
fyn	NOUN	fin
pur	ADP	pour
la	DET	le
dolour	NOUN	dolor
sanz	ADP	sans
fyn	NOUN	fin
.	PUNCT	.
Tresdouce	PROPN	doux
Dame	NOUN	dame
,	PUNCT	,
ensi	ADV	ainsi
par	ADP	par
la	DET	le
vertue	NOUN	vertu
de	ADP	de
la	DET	le
douce	ADJ	doux
envolupure	NOUN	enforchelour
soit	VERB	estre
la	DET	le
plaie	NOUN	plaie
de	ADP	de
mon	DET	mon
malveis	ADJ	mauvais
coer	NOUN	coer
gardee	VERB	garder
et	CCONJ	et
si	ADV	si
bien	NOUN	bien
a	ADP	a
poynt	VERB	point
liez	ADJ	lié
de	ADP	de
voz	DET	vostre
beaux	ADJ	beau
et	CCONJ	et
nettz	ADJ	nattre
drapels	NOUN	draple
qe	SCONJ	que
nul	DET	nul
ordure	NOUN	ordure
ne	ADV	ne
nul	DET	nul
mal	NOUN	mal
ne	ADV	ne
me	PRON	je
puisse	VERB	pöoir
au	ADP.DET	a.le
coer	NOUN	coer
adeser	VERB	adeser
,	PUNCT	,
ne	ADV	ne
joie	NOUN	joie
ne	ADV	ne
delite	ADJ	delitier
ne	ADV	ne
desirre	VERB	desirrer
autre	ADJ	autre
q'	SCONJ	que
il	PRON	il
ne	ADV	ne
soit	VERB	estre
plesant	ADJ	plaire
a	ADP	a
vostre	DET	vostre
douz	ADJ	douz
Filz	NOUN	fil
et	CCONJ	et
a	ADP	a
voz	DET	vostre
,	PUNCT	,
tresdouce	NOUN	doux
Dame	NOUN	dame
-	PUNCT	-
et	CCONJ	et
c'	CCONJ	ce
est	VERB	estre
tout	DET	tout
une	DET	un
-	PUNCT	-
et	CCONJ	et
qe	SCONJ	que
jeo	PRON	je
n'	ADV	ne
eie	NOUN	ai
nule	DET	nul
joie	NOUN	joie
au	ADP.DET	a.le
coer	NOUN	coer
,	PUNCT	,
si	ADV	si
elle	PRON	elle
ne	ADV	ne
soit	VERB	estre
ferme	NOUN	ferme
et	CCONJ	et
estable	NOUN	estable
sanz	ADP	sans
nuyance	NOUN	nuirement
:	PUNCT	:
celle	DET	cil
joie	NOUN	joie
est	VERB	estre
celle	DET	cil
qe	SCONJ	que
plest	NOUN	plaire
a	ADP	a
voz	DET	vostre
et	CCONJ	et
qe	SCONJ	que
resemble	NOUN	resmevoir
la	DET	le
vostre	DET	vostre
,	PUNCT	,
tresdouce	NOUN	doux
Dame	NOUN	dame
,	PUNCT	,
car	CCONJ	car
elles	PRON	elle
sont	VERB	estre
fermez	VERB	fermer
et	CCONJ	et
durent	VERB	devoir
pardurablement	NOUN	perdurable
sanz	ADP	sans
nuyer	VERB	nuire
,	PUNCT	,
et	CCONJ	et
toutz	DET	tout
les	DET	le
autres	PRON	autre
sont	VERB	estre
veynes	NOUN	veine
et	CCONJ	et
ne	ADV	ne
durent	VERB	devoir
poynt	VERB	point
,	PUNCT	,
mes	DET	mais
movent	VERB	movoir
de	ADP	de
joie	NOUN	joie
en	ADP	en
dolour	NOUN	dolor
briefment	NOUN	brief_(de
,	PUNCT	,
et	CCONJ	et
la	DET	le
se	PRON	se
tenent	VERB	tenir
fermement	NOUN	fermement
et	CCONJ	et
pardurablement	NOUN	perdurable
.	PUNCT	.
Par	ADP	par
ceo	DET	ce
,	PUNCT	,
treschere	VERB	treschér
douce	ADJ	doux
Dame	NOUN	dame
,	PUNCT	,
jeo	PRON	je
voz	DET	vostre
supplie	VERB	supple
tres	ADV	très
de	ADP	de
coer	NOUN	coer
q'	SCONJ	que
il	PRON	il
voz	DET	vostre
plese	NOUN	plaire
cely	PRON	cel
cheitif	ADJ	chaitif
malerous	ADJ	malëuros
coer	NOUN	coer
si	ADV	si
envoluper	VERB	envoser
et	CCONJ	et
si	ADV	si
estroitement	NOUN	estroitier
entortiller	VERB	ettordier
qe	SCONJ	que
les	DET	le
vertues	NOUN	vertu
de	ADP	de
les	DET	le
seintz	ADJ	saint
medicines	NOUN	midicande
puissent	VERB	pöoir
apparer	VERB	apparoir
apertement	NOUN	apertement
en	ADP	en
celle	DET	cil
orde	NOUN	ord
et	CCONJ	et
perillouse	ADJ	perillos
plaie	NOUN	plaie
de	ADP	de
mon	DET	mon
malveis	ADJ	mauvais
coer	NOUN	coer
,	PUNCT	,
et	CCONJ	et
si	ADV	si
garrir	VERB	garir
et	CCONJ	et
garder	VERB	garder
qe	SCONJ	que
riens	NOUN	rien
ne	ADV	ne
puisse	VERB	pöoir
grever	VERB	grever
desoremes	VERB	desormer
-	PUNCT	-
c'	CCONJ	ce
est	VERB	estre
assavoir	VERB	assavoir
la	DET	le
poudre	NOUN	poudre
,	PUNCT	,
ne	ADV	ne
l'	DET	le
eir	NOUN	air
,	PUNCT	,
ne	ADV	ne
les	DET	le
malez	VERB	maler
mouchez	VERB	moucher
,	PUNCT	,
car	CCONJ	car
de	ADP	de
ces	DET	ce
trois	DET	trois
enpechementz	NOUN	empêchement
si	ADV	si
veignont	VERB	venir
les	DET	le
autres	PRON	autre
trois	DET	trois
qe	SCONJ	que
sont	VERB	estre
ausi	ADV	aussi
pardevant	NOUN	parfaite
nomez	VERB	nomer
,	PUNCT	,
come	SCONJ	come
ordes	NOUN	ordre
delitez	ADJ	delitier
,	PUNCT	,
fols	NOUN	fol
desirs	NOUN	desirrer
,	PUNCT	,
males	NOUN	mal
pensees	NOUN	penser
.	PUNCT	.
Quant	SCONJ	cant
ces	DET	ce
trois	DET	trois
ont	VERB	avoir
attret	NOUN	attre
les	DET	le
autres	PRON	autre
trois	DET	trois
,	PUNCT	,
trop	ADV	trop
perillouse	ADJ	perillos
est	VERB	estre
la	DET	le
compaignie	NOUN	compagnie
et	CCONJ	et
trop	ADV	trop
male	ADJ	mal
.	PUNCT	.
Et	CCONJ	et
il	PRON	il
me	PRON	je
semble	NOUN	sembler
qe	SCONJ	que
jeo	PRON	je
puisse	VERB	pöoir
bien	NOUN	bien
dire	VERB	dire
qe	SCONJ	que
la	DET	le
poudre	NOUN	poudre
entret	VERB	entrer
un	DET	un
de	ADP	de
ces	DET	ce
vicez	NOUN	vice
a	ADP	a
soi	PRON	soi
,	PUNCT	,
et	CCONJ	et
ensi	ADV	ainsi
fait	VERB	faire
l'	DET	le
eir	NOUN	air
un	DET	un
autre	ADJ	autre
,	PUNCT	,
et	CCONJ	et
les	DET	le
mouches	NOUN	mouche
ensement	ADV	ensement
la	DET	le
tierce	NOUN	tierce
:	PUNCT	:
celle	DET	cil
qe	SCONJ	que
la	DET	le
poudre	NOUN	poudre
ad	VERB	avoir
tret	VERB	traire
a	ADP	a
soi	PRON	soi
et	CCONJ	et
le	DET	le
mette	NOUN	mettre
en	ADP	en
coer	NOUN	coer
,	PUNCT	,
c'	CCONJ	ce
est	VERB	estre
ordez	VERB	ordre
delitz	ADJ	delitier
:	PUNCT	:
ceste	DET	cest
vice	NOUN	vice
est	VERB	estre
engendree	VERB	engendrer
de	ADP	de
la	DET	le
char	NOUN	char
proprement	NOUN	proprement
qe	SCONJ	que
est	VERB	estre
dite	VERB	dire
poudre	NOUN	poudre
pardevant	NOUN	parfaite
;	PUNCT	;
celle	DET	cil
vice	NOUN	vice
qe	SCONJ	que
jeo	PRON	je
appelle	VERB	appeler
fols	NOUN	fol
desirs	NOUN	desirrer
attret	NOUN	attre
a	ADP	a
soi	PRON	soi
l'	DET	le
eir	NOUN	air
,	PUNCT	,
qe	SCONJ	que
jeo	PRON	je
nommee	VERB	nommer
pardevant	NOUN	parfaite
come	SCONJ	come
les	DET	le
temptacions	NOUN	tempteux
de	ADP	de
monde	NOUN	monde
,	PUNCT	,
cel	DET	cel
eir	NOUN	air
si	ADV	si
consuyt	VERB	conseil
les	DET	le
fols	NOUN	fol
desirs	NOUN	desirrer
;	PUNCT	;
et	CCONJ	et
de	ADP	de
mouches	NOUN	mouche
si	ADV	si
sont	VERB	estre
neez	VERB	naître
les	DET	le
mals	NOUN	mal
penseez	NOUN	penser
,	PUNCT	,
qe	SCONJ	que
viegnent	VERB	venir
droitement	ADV	droitéement
du	ADP.DET	de.le
diable	NOUN	dïable
,	PUNCT	,
qe	SCONJ	que
mouches	NOUN	mouche
sont	VERB	estre
a	ADP	a
entendre	VERB	entendre
et	CCONJ	et
a	ADP	a
ellez	NOUN	elle
comparez	VERB	comparer
pardevant	NOUN	parfaite
.	PUNCT	.
Siqe	NOUN	siec
donqes	ADV	donc
puisse	VERB	pöoir
jeo	PRON	je
bien	NOUN	bien
dire	VERB	dire
com	SCONJ	come
devant	ADP	devant
qe	SCONJ	que
j'	PRON	je
ai	VERB	avoir
bien	NOUN	bien
mestier	NOUN	mestier
,	PUNCT	,
douce	ADJ	doux
Dame	NOUN	dame
,	PUNCT	,
de	ADP	de
la	DET	le
douce	ADJ	doux
envolupure	NOUN	enforchelour
pur	ADP	pour
moy	PRON	moi
nettement	ADV	neter
garder	VERB	garder
le	DET	le
coer	NOUN	coer
et	CCONJ	et
entortiller	VERB	ettordier
celle	DET	cil
orde	NOUN	ord
plaie	NOUN	plaie
de	ADP	de
la	DET	le
tresfynement	NOUN	tressantinement
grande	ADJ	grand
joie	NOUN	joie
qe	SCONJ	que
voz	DET	vostre
,	PUNCT	,
Dame	NOUN	dame
,	PUNCT	,
eustes	VERB	avoir
quant	SCONJ	cant
de	ADP	de
vostre	DET	vostre
douce	ADJ	doux
poytrine	NOUN	potir
vostre	DET	vostre
tresbenoit	VERB	tresance
filtz	NOUN	filt
voz	DET	vostre
soucheoit	VERB	soucher
hors	ADV	hors
le	DET	le
douz	ADJ	douz
leet	VERB	lait
:	PUNCT	:
nul	DET	nul
ne	ADV	ne
doute	ADJ	doute
,	PUNCT	,
tresdouce	NOUN	doux
Dame	NOUN	dame
,	PUNCT	,
qe	SCONJ	que
tresgrande	NOUN	restrande
et	CCONJ	et
parfite	NOUN	parfoit
joie	NOUN	joie
ne	ADV	ne
voz	DET	vostre
feust	VERB	être
,	PUNCT	,
et	CCONJ	et
de	ADP	de
penser	VERB	penser
en	ADP	en
vostre	DET	vostre
douce	ADJ	doux
coer	NOUN	coer
qe	SCONJ	que
c'	CCONJ	ce
estoit	VERB	estre
le	DET	le
filz	NOUN	fil
Dieux	PROPN	dieu
q'	SCONJ	que
estoit	VERB	estre
sires	NOUN	seignor
,	PUNCT	,
ordeyners	NOUN	ordrine
et	CCONJ	et
governers	NOUN	governon
de	ADP	de
toutz	DET	tout
choses	NOUN	chose
qe	SCONJ	que
unqes	DET	onque
feurent	VERB	ferorne
oue	PRON	oeu
ore	NOUN	ore
sont	VERB	estre
ou	CCONJ	ou
jammes	NOUN	jamme
serront	VERB	estre
,	PUNCT	,
en	ADP	en
ciel	NOUN	ciel
,	PUNCT	,
en	ADP	en
terre	NOUN	terre
et	CCONJ	et
en	ADP	en
mer	NOUN	mer
et	CCONJ	et
en	ADP	en
abyme	NOUN	abammi
.	PUNCT	.
Tresdouce	PROPN	doux
Dame	NOUN	dame
,	PUNCT	,
coment	VERB	comment
qe	SCONJ	que
celle	DET	cil
joie	NOUN	joie
estoit	VERB	estre
grande	ADJ	grand
qe	SCONJ	que
en	ADP	en
coer	NOUN	coer
voz	DET	vostre
vient	VERB	venir
,	PUNCT	,
si	ADV	si
estoit	VERB	estre
elle	PRON	elle
si	ADV	si
tresnette	DET	trente
et	CCONJ	et
sanz	ADP	sans
nule	DET	nul
manere	NOUN	mener
de	ADP	de
malveisté	NOUN	mauvaistié
d'	ADP	de
orde	NOUN	ord
delit	NOUN	delit
,	PUNCT	,
qe	SCONJ	que
bien	NOUN	bien
deveroie	VERB	devoir
desirrer	VERB	desirrer
qe	SCONJ	que
mon	DET	mon
vile	NOUN	vile
coer	NOUN	coer
et	CCONJ	et
l'	DET	le
orde	NOUN	ord
plaie	NOUN	plaie
de	ADP	de
luy	PRON	lui
feust	VERB	être
en	ADP	en
ces	DET	ce
beauz	NOUN	beau
drapels	NOUN	draple
si	ADV	si
envolupee	VERB	envoser
,	PUNCT	,
qe	SCONJ	que
nul	DET	nul
ordure	NOUN	ordure
de	ADP	de
nul	DET	nul
orde	NOUN	ord
delite	ADJ	delitier
,	PUNCT	,
ne	ADV	ne
de	ADP	de
nul	DET	nul
fole	ADJ	fol
desir	ADP	desirrer
,	PUNCT	,
ne	ADV	ne
nule	DET	nul
male	ADJ	mal
pensee	NOUN	penser
ne	ADV	ne
me	PRON	je
poet	VERB	pöoir
a	ADP	a
la	DET	le
plaie	NOUN	plaie
de	ADP	de
coer	NOUN	coer
toucher	VERB	toucher
ne	ADV	ne
en	ADP	en
nule	DET	nul
manere	NOUN	mener
grever	VERB	grever
.	PUNCT	.
Et	CCONJ	et
,	PUNCT	,
tresdouce	NOUN	doux
Dame	NOUN	dame
,	PUNCT	,
ensi	ADV	ainsi
come	SCONJ	come
cest	DET	cest
joie	NOUN	joie
est	VERB	estre
de	ADP	de
toutz	DET	tout
les	DET	le
autres	PRON	autre
la	DET	le
principale	NOUN	principal
et	CCONJ	et
la	DET	le
plus	ADV	plus
grande	ADJ	grand
,	PUNCT	,
sicome	NOUN	sicomme
j'	PRON	je
ai	VERB	avoir
dit	VERB	dire
devant	ADP	devant
;	PUNCT	;
mes	DET	mais
ore	NOUN	ore
le	DET	le
pur	ADP	pour
qoi	PRON	coi
voz	DET	vostre
dirrai	VERB	dire
:	PUNCT	:
c'	CCONJ	ce
est	VERB	estre
pur	ADP	pour
ceo	DET	ce
qe	SCONJ	que
au	ADP.DET	a.le
coer	NOUN	coer
venont	VERB	venir
toutz	DET	tout
les	DET	le
joies	NOUN	joie
d'	ADP	de
autres	PRON	autre
menbres	NOUN	membre
,	PUNCT	,
come	SCONJ	come
la	DET	le
joie	NOUN	joie
d'	ADP	de
oier	VERB	oire
ceo	DET	ce
qe	SCONJ	que
poet	VERB	pöoir
plere	NOUN	plaire
et	CCONJ	et
faire	VERB	faire
joie	NOUN	joie
au	ADP.DET	a.le
coer	NOUN	coer
,	PUNCT	,
c'	CCONJ	ce
est	VERB	estre
joie	NOUN	joie
et	CCONJ	et
autrement	ADV	autrement
nient	ADV	néant
,	PUNCT	,
et	CCONJ	et
ensi	ADV	ainsi
des	ADP.DET	de.le
oeux	NOUN	oeux
,	PUNCT	,
et	CCONJ	et
du	ADP.DET	de.le
nees	NOUN	naistre
,	PUNCT	,
de	ADP	de
la	DET	le
bouche	NOUN	bouche
,	PUNCT	,
de	ADP	de
mayns	NOUN	main
et	CCONJ	et
de	ADP	de
pieez	NOUN	pié
;	PUNCT	;
toutz	DET	tout
lour	DET	lour
joies	NOUN	joie
si	ADV	si
viegnont	ADJ	venir
au	ADP.DET	a.le
coer	NOUN	coer
avant	ADV	avant
q'	SCONJ	que
elles	PRON	elle
soient	VERB	estre
joies	NOUN	joie
a	ADP	a
droit	ADJ	droit
,	PUNCT	,
et	CCONJ	et
autres	PRON	autre
joies	NOUN	joie
assez	ADV	assez
si	ADV	si
viegnent	VERB	venir
ausi	ADV	aussi
de	ADP	de
coer	NOUN	coer
meismes	ADJ	même
,	PUNCT	,
sanz	ADP	sans
les	DET	le
autres	PRON	autre
menbres	NOUN	membre
de	ADP	de
riens	NOUN	rien
toucher	VERB	toucher
,	PUNCT	,
come	SCONJ	come
de	ADP	de
bones	ADJ	bon
et	CCONJ	et
douces	ADJ	doux
pensees	NOUN	penser
qe	SCONJ	que
de	ADP	de
coer	NOUN	coer
viegnent	VERB	venir
et	CCONJ	et
sovenirs	NOUN	sovenir
si	ADV	si
delitables	ADJ	delitable
et	CCONJ	et
les	DET	le
douz	ADJ	douz
desirs	NOUN	desirrer
et	CCONJ	et
bons	ADJ	bon
delitz	ADJ	delitier
,	PUNCT	,
siqe	NOUN	siec
,	PUNCT	,
tresdouce	NOUN	doux
Dame	NOUN	dame
,	PUNCT	,
jeo	PRON	je
puisse	VERB	pöoir
bien	NOUN	bien
croire	VERB	croire
et	CCONJ	et
savoir	VERB	savoir
qe	SCONJ	que
la	DET	le
joie	NOUN	joie
de	ADP	de
vostre	DET	vostre
douz	ADJ	douz
coer	NOUN	coer
si	ADV	si
passoit	VERB	passer
toutz	DET	tout
voz	DET	vostre
autres	PRON	autre
joies	NOUN	joie
,	PUNCT	,
et	CCONJ	et
donqes	ADV	donc
poait	VERB	pöoir
bien	NOUN	bien
passer	VERB	passer
toutz	DET	tout
les	DET	le
autres	PRON	autre
de	ADP	de
ceo	DET	ce
monde	NOUN	monde
,	PUNCT	,
desicome	VERB	descomier
la	DET	le
plus	ADV	plus
grande	ADJ	grand
de	ADP	de
ceo	DET	ce
monde	NOUN	monde
n'	ADV	ne
est	VERB	estre
riens	NOUN	rien
contre	ADP	contre
la	DET	le
meyndre	ADJ	mener
de	ADP	de
vostres	DET	vostre
et	CCONJ	et
bien	NOUN	bien
est	VERB	estre
reson	NOUN	reson
,	PUNCT	,
pur	ADP	pour
ceo	DET	ce
qe	SCONJ	que
la	DET	le
matire	NOUN	matir
est	VERB	estre
si	ADV	si
noun-semblable	ADJ	nomblestanoble
come	SCONJ	come
la	DET	le
vostre	DET	vostre
et	CCONJ	et
celle	DET	cil
de	ADP	de
ceo	DET	ce
monde	NOUN	monde
.	PUNCT	.
Car	CCONJ	car
la	DET	le
vostre	DET	vostre
,	PUNCT	,
tresdouce	NOUN	doux
Dame	NOUN	dame
,	PUNCT	,
estoit	VERB	estre
sanz	ADP	sans
nul	DET	nul
tache	VERB	tache
ou	CCONJ	ou
colour	NOUN	color
de	ADP	de
male	ADJ	mal
,	PUNCT	,
si	ADV	si
durement	ADV	durement
pure	NOUN	pour
et	CCONJ	et
nette	ADJ	nattre
,	PUNCT	,
qe	SCONJ	que
celles	DET	cil
de	ADP	de
ceo	DET	ce
monde	NOUN	monde
a	ADP	a
peyne	NOUN	peine
sont	VERB	estre
si	ADV	si
males	NOUN	mal
noun	DET	non
-	PUNCT	-
ou	CCONJ	ou
jeo	PRON	je
le	DET	le
quide	VERB	quider
pur	ADP	pour
ceo	DET	ce
qe	SCONJ	que
en	ADP	en
moy	PRON	moi
sont	VERB	estre
les	DET	le
joies	NOUN	joie
mondeynes	NOUN	monde
si	ADV	si
males	NOUN	mal
,	PUNCT	,
car	CCONJ	car
nulles	NOUN	nul
bones	ADJ	bon
ne	ADV	ne
poent	VERB	pöoir
estre	VERB	estre
en	ADP	en
ce	PRON	ce
monde	NOUN	monde
de	ADP	de
joies	NOUN	joie
,	PUNCT	,
si	ADV	si
elles	PRON	elle
ne	ADV	ne
resemblent	VERB	resembler
a	ADP	a
la	DET	le
vostre	DET	vostre
,	PUNCT	,
tresdouce	NOUN	doux
Dame	NOUN	dame
,	PUNCT	,
et	CCONJ	et
c'	CCONJ	ce
est	VERB	estre
q'	SCONJ	que
elles	PRON	elle
soient	VERB	estre
nettz	ADJ	nattre
et	CCONJ	et
sanz	ADP	sans
tache	VERB	tache
et	CCONJ	et
principalement	ADV	principalement
de	ADP	de
Cely	DET	cel
de	ADP	de
qi	PRON	qui
voz	DET	vostre
avietz	VERB	avié
vostre	DET	vostre
grande	ADJ	grand
joie	NOUN	joie
-	PUNCT	-
c'	CCONJ	ce
estoit	VERB	estre
de	ADP	de
vostre	DET	vostre
trescher	VERB	treschier
filtz	NOUN	filt
:	PUNCT	:
de	ADP	de
luy	PRON	lui
,	PUNCT	,
en	ADP	en
luy	PRON	lui
et	CCONJ	et
par	ADP	par
luy	PRON	lui
nous	PRON	nous
covient	VERB	covenir
venir	VERB	venir
toute	DET	tout
nostre	DET	notre
joie	NOUN	joie
,	PUNCT	,
ou	CCONJ	ou
riens	NOUN	rien
ne	ADV	ne
vaut	VERB	valoir
.	PUNCT	.
Et	CCONJ	et
,	PUNCT	,
treschere	VERB	treschér
Dame	NOUN	dame
,	PUNCT	,
jeo	PRON	je
voz	DET	vostre
prie	VERB	priier
qe	SCONJ	que
par	ADP	par
la	DET	le
vertue	NOUN	vertu
de	ADP	de
celle	DET	cil
douce	ADJ	doux
envolupure	NOUN	enforchelour
ma	DET	mon
dolour	NOUN	dolor
aillours	NOUN	aler
,	PUNCT	,
qe	SCONJ	que
me	PRON	je
semble	NOUN	sembler
cy	ADV	ci
joie	NOUN	joie
,	PUNCT	,
me	PRON	je
soit	VERB	estre
cy	ADV	ci
dolour	NOUN	dolor
et	CCONJ	et
aillours	NOUN	aler
joie	NOUN	joie
,	PUNCT	,
et	CCONJ	et
ensi	ADV	ainsi
soit	VERB	estre
ma	DET	mon
joie	NOUN	joie
et	CCONJ	et
ma	DET	mon
dolour	NOUN	dolor
tournee	VERB	tourner
,	PUNCT	,
tresdouz	DET	troudse
Dame	NOUN	dame
;	PUNCT	;
c'	CCONJ	ce
est	VERB	estre
a	ADP	a
dire	VERB	dire
la	DET	le
joie	NOUN	joie
qe	SCONJ	que
j'	PRON	je
ai	VERB	avoir
cy	ADV	ci
en	ADP	en
mon	DET	mon
malveis	ADJ	mauvais
coer	NOUN	coer
de	ADP	de
penser	VERB	penser
,	PUNCT	,
de	ADP	de
sovenir	VERB	sovenir
,	PUNCT	,
et	CCONJ	et
de	ADP	de
desirrer	VERB	desirrer
peccherousement	NOUN	perceche
et	CCONJ	et
contre	ADP	contre
la	DET	le
volenté	NOUN	volenté
de	ADP	de
vostre	DET	vostre
chier	ADJ	chier
Filz	NOUN	fil
et	CCONJ	et
de	ADP	de
voz	DET	vostre
,	PUNCT	,
tresdouz	DET	troudse
Dame	NOUN	dame
:	PUNCT	:
q'	SCONJ	que
elle	PRON	elle
me	PRON	je
soit	VERB	estre
tournee	VERB	tourner
cy	ADV	ci
en	ADP	en
dolour	NOUN	dolor
,	PUNCT	,
et	CCONJ	et
la	DET	le
dolour	NOUN	dolor
d'	ADP	de
enfern	NOUN	enfer
me	PRON	je
soit	VERB	estre
tournee	VERB	tourner
a	ADP	a
la	DET	le
joie	NOUN	joie
de	ADP	de
paradis	NOUN	paradis
,	PUNCT	,
et	CCONJ	et
mes	DET	mais
pensers	NOUN	penser
,	PUNCT	,
mes	DET	mais
sovenirs	NOUN	sovenir
et	CCONJ	et
touz	DET	tout
mes	DET	mais
desirs	NOUN	desirrer
oue	PRON	oeu
toutz	DET	tout
les	DET	le
delitz	ADJ	delitier
et	CCONJ	et
joies	NOUN	joie
de	ADP	de
mon	DET	mon
coer	NOUN	coer
,	PUNCT	,
soient	VERB	estre
si	ADV	si
entortillez	VERB	ettordier
,	PUNCT	,
tresdouce	NOUN	doux
Dame	NOUN	dame
,	PUNCT	,
de	ADP	de
voz	DET	vostre
beaux	ADJ	beau
drapels	NOUN	draple
et	CCONJ	et
si	ADV	si
estroitement	NOUN	estroitier
bendez	VERB	bender
,	PUNCT	,
q'	SCONJ	que
elles	PRON	elle
ne	ADV	ne
se	PRON	se
puissent	VERB	pöoir
mover	VERB	movoir
ne	ADV	ne
tourner	VERB	tourner
forsqe	NOUN	fors
devers	ADP	devers
voz	DET	vostre
et	CCONJ	et
devers	ADP	devers
vostre	DET	vostre
partie	NOUN	partie
,	PUNCT	,
et	CCONJ	et
tourner	VERB	tourner
de	ADP	de
perdicion	NOUN	perdicïon
a	ADP	a
garrison	NOUN	garir
.	PUNCT	.
Et	CCONJ	et
,	PUNCT	,
tresdouce	NOUN	doux
Dame	NOUN	dame
,	PUNCT	,
sicome	NOUN	sicomme
j'	PRON	je
ai	VERB	avoir
dit	VERB	dire
devant	ADP	devant
qe	SCONJ	que
les	DET	le
joies	NOUN	joie
de	ADP	de
vostre	DET	vostre
douz	ADJ	douz
coer	NOUN	coer
si	ADV	si
passoient	VERB	passer
toutz	DET	tout
les	DET	le
autres	PRON	autre
pur	ADP	pour
ceo	DET	ce
qe	SCONJ	que
receivers	NOUN	receverse
estoit	VERB	estre
de	ADP	de
toutz	DET	tout
les	DET	le
autres	PRON	autre
,	PUNCT	,
come	SCONJ	come
la	DET	le
bone	ADJ	bon
cysterne	NOUN	cistesient
receit	VERB	recet
l'	DET	le
eawe	NOUN	eau
qe	SCONJ	que
vient	VERB	venir
de	ADP	de
gouters	NOUN	gouter
envyron	ADP	environ
et	CCONJ	et
illoqes	DET	illuec
se	PRON	se
clarefie	NOUN	craletier
celle	DET	cil
eawe	NOUN	eau
et	CCONJ	et
devient	VERB	devenir
bone	ADJ	bon
et	CCONJ	et
seyne	NOUN	seine
,	PUNCT	,
ensi	ADV	ainsi
,	PUNCT	,
douce	ADJ	doux
Dame	NOUN	dame
,	PUNCT	,
voz	DET	vostre
venoient	VERB	venir
les	DET	le
joies	NOUN	joie
de	ADP	de
ciel	NOUN	ciel
en	ADP	en
les	DET	le
menbres	NOUN	membre
,	PUNCT	,
come	SCONJ	come
en	ADP	en
l'	DET	le
oraille	NOUN	oraille
,	PUNCT	,
en	ADP	en
l'	DET	le
oil	NOUN	oui
et	CCONJ	et
a	ADP	a
touz	DET	tout
les	DET	le
autres	PRON	autre
,	PUNCT	,
et	CCONJ	et
puis	NOUN	puis
descendoient	VERB	descendre
en	ADP	en
vostre	DET	vostre
douz	ADJ	douz
coer	NOUN	coer
ou	CCONJ	ou
elles	PRON	elle
estoient	VERB	estre
clarefiez	VERB	créfait
par	ADP	par
la	DET	le
grace	NOUN	grace
de	ADP	de
Dieux	PROPN	dieu
qe	SCONJ	que
leinz	NOUN	lait
estoit	VERB	estre
en	ADP	en
figure	NOUN	figord
de	ADP	de
grande	ADJ	grand
humblesce	NOUN	humblet
et	CCONJ	et
de	ADP	de
toutz	DET	tout
bontees	NOUN	bonte
,	PUNCT	,
et	CCONJ	et
ensi	ADV	ainsi
devenoit	VERB	devenir
l'	DET	le
eawe	NOUN	eau
de	ADP	de
ciel	NOUN	ciel
,	PUNCT	,
qe	SCONJ	que
plut	VERB	plaire
en	ADP	en
les	DET	le
gouters	NOUN	gouter
et	CCONJ	et
puis	NOUN	puis
coruste	ADJ	corrote
en	ADP	en
la	DET	le
bone	ADJ	bon
cisterne	NOUN	cestir
,	PUNCT	,
bone	ADJ	bon
et	CCONJ	et
seyne	NOUN	seine
pur	ADP	pour
nous	PRON	nous
a	ADP	a
boire	VERB	boire
et	CCONJ	et
affaire	NOUN	affaire
toutz	DET	tout
noz	DET	notre
bons	ADJ	bon
bosoignes	NOUN	bosegie
ovesqes	NOUN	ovec
;	PUNCT	;
et	CCONJ	et
bien	NOUN	bien
y	ADV	y
poons	NOUN	pouvoir
nous	PRON	nous
avenir	VERB	avenir
,	PUNCT	,
si	ADV	si
noz	DET	notre
volons	VERB	voloir
,	PUNCT	,
sanz	ADP	sans
gaires	ADV	gaire
de	ADP	de
peyne	NOUN	peine
.	PUNCT	.
Et	CCONJ	et
de	ADP	de
mon	DET	mon
coer	NOUN	coer
,	PUNCT	,
tresdouce	NOUN	doux
Dame	NOUN	dame
,	PUNCT	,
est	VERB	estre
toute	DET	tout
le	DET	le
contraire	ADJ	contraire
;	PUNCT	;
car	CCONJ	car
,	PUNCT	,
sicome	NOUN	sicomme
devant	ADP	devant
est	VERB	estre
dit	VERB	dire
qe	SCONJ	que
la	DET	le
joie	NOUN	joie
de	ADP	de
vostre	DET	vostre
douz	ADJ	douz
coer	NOUN	coer
si	ADV	si
passoit	VERB	passer
toutz	DET	tout
les	DET	le
autres	PRON	autre
qar	CCONJ	car
toutes	DET	tout
les	DET	le
autres	PRON	autre
la	DET	le
se	PRON	se
sembloient	VERB	sembler
oue	PRON	oeu
celles	DET	cil
de	ADP	de
coer	NOUN	coer
-	PUNCT	-
c'	CCONJ	ce
est	VERB	estre
a	ADP	a
dire	VERB	dire
des	ADP.DET	de.le
autres	PRON	autre
menbres	NOUN	membre
-	PUNCT	-
et	CCONJ	et
les	DET	le
joies	NOUN	joie
estoient	VERB	estre
adonqes	ADV	adonc
si	ADV	si
tresgrandes	NOUN	restrande
qe	SCONJ	que
nuls	DET	nul
ne	ADV	ne
les	DET	le
purroit	VERB	pouvoir
asommer	VERB	asmorme
ne	ADV	ne
enconter	VERB	encontre
,	PUNCT	,
et	CCONJ	et
ensi	ADV	ainsi
est	VERB	estre
il	PRON	il
de	ADP	de
mon	DET	mon
malveis	ADJ	mauvais
coer	NOUN	coer
le	DET	le
contraire	ADJ	contraire
,	PUNCT	,
car	CCONJ	car
c'	CCONJ	ce
est	VERB	estre
le	DET	le
tresorde	NOUN	tresorder
puis	NOUN	puis
qe	SCONJ	que
est	VERB	estre
fait	VERB	faire
desouz	ADP	desoz
terre	NOUN	terre
pur	ADP	pour
receivoir	VERB	recevoir
toute	DET	tout
l'	DET	le
ordure	NOUN	ordure
de	ADP	de
l'	DET	le
ostiel	NOUN	hôtil
par	ADP	par
les	DET	le
gouters	NOUN	gouter
qe	SCONJ	que
viegnent	VERB	venir
de	ADP	de
la	DET	le
cusyne	NOUN	cousin
et	CCONJ	et
de	ADP	de
chambres	NOUN	chambre
coies	ADJ	coi
et	CCONJ	et
de	ADP	de
fimers	NOUN	fimer
,	PUNCT	,
et	CCONJ	et
oue	PRON	oeu
toute	DET	tout
l'	DET	le
ordure	NOUN	ordure
de	ADP	de
la	DET	le
courte	VERB	courte
si	ADV	si
court	NOUN	cour
einz	ADV	ainz
et	CCONJ	et
demeure	NOUN	demeurer
mult	ADV	moult
ledement	ADV	leder
puant	VERB	pouvoir
devant	ADP	devant
Dieux	PROPN	dieu
qe	SCONJ	que
voit	VERB	vëoir
le	DET	le
puis	NOUN	puis
toute	DET	tout
descoverte	VERB	descovrir
;	PUNCT	;
mes	DET	mais
noz	DET	notre
ne	ADV	ne
le	DET	le
poons	NOUN	pouvoir
veoir	VERB	vëoir
ne	ADV	ne
sentir	VERB	sentir
,	PUNCT	,
pur	ADP	pour
une	DET	un
poy	NOUN	pöoir
de	ADP	de
terre	NOUN	terre
de	ADP	de
qoi	PRON	coi
le	DET	le
puis	NOUN	puis
est	VERB	estre
covert	VERB	covrir
.	PUNCT	.
La	DET	le
terre	NOUN	terre
qe	SCONJ	que
covere	NOUN	covrir
l'	DET	le
ord	NOUN	ord
puant	VERB	pouvoir
puis	NOUN	puis
si	ADV	si
est	VERB	estre
la	DET	le
cheitive	ADJ	chaitif
char	NOUN	char
qe	SCONJ	que
covere	NOUN	covrir
le	DET	le
coer	NOUN	coer
,	PUNCT	,
siqe	NOUN	siec
homme	NOUN	homme
ne	ADV	ne
le	DET	le
poet	VERB	pöoir
mye	ADJ	mie
conoistre	VERB	conoistre
,	PUNCT	,
ne	ADV	ne
sentir	VERB	sentir
la	DET	le
male	ADJ	mal
puour	NOUN	pour
q'	SCONJ	que
est	VERB	estre
en	ADP	en
celle	DET	cil
male	ADJ	mal
fossee	NOUN	fosser
.	PUNCT	.
Mes	CCONJ	mais
pur	ADP	pour
ceo	DET	ce
n'	ADV	ne
est	VERB	estre
il	PRON	il
mye	ADJ	mie
qe	SCONJ	que
plus	ADV	plus
fort	ADJ	fort
ne	ADV	ne
soit	VERB	estre
puante	ADJ	pouvoir
et	CCONJ	et
orde	NOUN	ord
,	PUNCT	,
car	CCONJ	car
de	ADP	de
tant	ADV	tant
come	SCONJ	come
meyns	NOUN	moins
s'	DET	soi
en	ADP	en
ist	VERB	issir
de	ADP	de
la	DET	le
male	ADJ	mal
fleirour	NOUN	flaire
,	PUNCT	,
de	ADP	de
tant	ADV	tant
plus	ADV	plus
y	ADV	y
demoert	NOUN	demetre
et	CCONJ	et
empire	NOUN	empire
et	CCONJ	et
de	ADP	de
tant	ADV	tant
plus	ADV	plus
est	VERB	estre
lede	ADJ	ledit
et	CCONJ	et
puant	VERB	pouvoir
la	DET	le
orde	NOUN	ord
fossee	NOUN	fosser
.	PUNCT	.
Tresdouce	PROPN	doux
Dame	NOUN	dame
,	PUNCT	,
cest	DET	cest
orde	NOUN	ord
et	CCONJ	et
mal	NOUN	mal
puant	VERB	pouvoir
fossee	NOUN	fosser
si	ADV	si
est	VERB	estre
le	DET	le
malveis	ADJ	mauvais
et	CCONJ	et
orde	NOUN	ord
coer	NOUN	coer
de	ADP	de
moy	PRON	moi
qe	SCONJ	que
si	ADV	si
durement	ADV	durement
naufrez	VERB	naufrer
est	VERB	estre
,	PUNCT	,
come	SCONJ	come
j'	PRON	je
ai	VERB	avoir
devant	ADP	devant
moustree	NOUN	moustre
et	CCONJ	et
requis	VERB	requerre
les	DET	le
medicines	NOUN	midicande
assez	ADV	assez
suffisantes	NOUN	suffisant
pur	ADP	pour
mon	DET	mon
estat	NOUN	état
et	CCONJ	et
,	PUNCT	,
apres	ADV	après
les	DET	le
medicines	NOUN	midicande
,	PUNCT	,
l'	DET	le
envolupure	NOUN	enforchelour
de	ADP	de
voz	DET	vostre
joies	NOUN	joie
,	PUNCT	,
tresdouce	NOUN	doux
Dame	NOUN	dame
,	PUNCT	,
pur	ADP	pour
moy	PRON	moi
garder	VERB	garder
nettement	ADV	neter
sicome	NOUN	sicomme
une	DET	un
si	ADV	si
perillouse	ADJ	perillos
et	CCONJ	et
si	ADV	si
mortel	ADJ	mortel
plaie	NOUN	plaie
doit	VERB	devoir
estre	VERB	estre
gardee	VERB	garder
-	PUNCT	-
c'	CCONJ	ce
est	VERB	estre
a	ADP	a
dire	VERB	dire
de	ADP	de
toutz	DET	tout
ords	NOUN	ord
delitz	ADJ	delitier
,	PUNCT	,
de	ADP	de
pensees	NOUN	penser
malveises	ADJ	mauvais
,	PUNCT	,
de	ADP	de
sovenirs	NOUN	sovenir
de	ADP	de
veutz	NOUN	vouloir
mals	NOUN	mal
et	CCONJ	et
rejoier	VERB	rejoire
,	PUNCT	,
et	CCONJ	et
de	ADP	de
desirrer	VERB	desirrer
ceo	DET	ce
qe	SCONJ	que
ne	ADV	ne
plest	NOUN	plaire
a	ADP	a
Dieux	PROPN	dieu
ne	ADV	ne
a	ADP	a
voz	DET	vostre
,	PUNCT	,
Miere	ADJ	miere
Dieux	PROPN	dieu
,	PUNCT	,
tresdouce	NOUN	doux
Dame	NOUN	dame
,	PUNCT	,
et	CCONJ	et
ausi	ADV	aussi
de	ADP	de
la	DET	le
poudre	NOUN	poudre
,	PUNCT	,
de	ADP	de
l'	DET	le
eir	NOUN	air
et	CCONJ	et
de	ADP	de
mouches	NOUN	mouche
.	PUNCT	.
Et	CCONJ	et
,	PUNCT	,
tresdouz	DET	troudse
Dame	NOUN	dame
,	PUNCT	,
lessetz	VERB	laissier
vostre	DET	vostre
douz	ADJ	douz
et	CCONJ	et
trespitous	NOUN	trespolir
coer	NOUN	coer
avoir	VERB	avoir
pité	NOUN	pité
de	ADP	de
mon	DET	mon
malveis	ADJ	mauvais
et	CCONJ	et
dolorouse	NOUN	doloros
coer	NOUN	coer
et	CCONJ	et
desoremes	VERB	desormer
garder	VERB	garder
et	CCONJ	et
pleinement	ADV	pleinement
garrir	VERB	garir
par	ADP	par
la	DET	le
vertue	NOUN	vertu
de	ADP	de
la	DET	le
douce	ADJ	doux
envolupure	NOUN	enforchelour
,	PUNCT	,
desicome	VERB	descomier
,	PUNCT	,
Dame	NOUN	dame
,	PUNCT	,
j'	PRON	je
ai	VERB	avoir
en	ADP	en
voz	DET	vostre
grande	ADJ	grand
esperance	NOUN	espérance
qe	SCONJ	que
pur	ADP	pour
les	DET	le
preciouses	ADJ	precïos
medicines	NOUN	midicande
pardevant	NOUN	parfaite
ditez	VERB	dire
jeo	PRON	je
ne	ADV	ne
puisse	VERB	pöoir
faillir	VERB	falir
d'	ADP	de
estre	VERB	estre
tout	DET	tout
nettement	ADV	neter
garriz	VERB	garir
et	CCONJ	et
en	ADP	en
bone	ADJ	bon
poynt	VERB	point
;	PUNCT	;
et	CCONJ	et
donqes	ADV	donc
serroit	VERB	estre
de	ADP	de
tant	ADV	tant
plus	ADV	plus
grant	ADJ	grant
honte	NOUN	honte
si	ADV	si
,	PUNCT	,
par	ADP	par
defaute	ADJ	défaute
d'	ADP	de
une	DET	un
envolupure	NOUN	enforchelour
,	PUNCT	,
si	ADV	si
nobles	NOUN	noble
medicines	NOUN	midicande
feussent	ADJ	faire
perdues	NOUN	perdre
et	CCONJ	et
jeo	PRON	je
perdu	VERB	perdre
,	PUNCT	,
douce	ADJ	doux
Dame	NOUN	dame
,	PUNCT	,
en	ADP	en
vostre	DET	vostre
garde	NOUN	garde
,	PUNCT	,
la	DET	le
qel	DET	que
chose	NOUN	chose
certes	ADV	certes
jeo	PRON	je
ne	ADV	ne
quide	VERB	quider
mye	ADJ	mie
,	PUNCT	,
pur	ADP	pour
la	DET	le
grande	ADJ	grand
bonté	NOUN	bonté
q'	SCONJ	que
est	VERB	estre
en	ADP	en
voz	DET	vostre
.	PUNCT	.
Mes	CCONJ	mais
,	PUNCT	,
tresdouce	NOUN	doux
Dame	NOUN	dame
,	PUNCT	,
jeo	PRON	je
doute	ADJ	doute
qe	SCONJ	que
le	DET	le
lou	DET	le
vient	VERB	venir
de	ADP	de
bois	NOUN	bois
,	PUNCT	,
car	CCONJ	car
la	DET	le
sont	VERB	estre
acustomez	VERB	aucumton
d'	ADP	de
estre	VERB	estre
;	PUNCT	;
et	CCONJ	et
ensi	ADV	ainsi
puisse	VERB	pöoir
jeo	PRON	je
et	CCONJ	et
doie	VERB	devoir
douter	VERB	douter
qe	SCONJ	que
la	DET	le
mal	NOUN	mal
garde	NOUN	garde
puisse	VERB	pöoir
venir	VERB	venir
de	ADP	de
moy	PRON	moi
meismes	ADJ	même
,	PUNCT	,
car	CCONJ	car
l'	DET	le
en	ADP	en
doit	VERB	devoir
bien	NOUN	bien
douter	VERB	douter
qe	SCONJ	que
le	DET	le
male	ADJ	mal
viegne	VERB	venir
de	ADP	de
la	DET	le
ou	CCONJ	ou
il	PRON	il
est	VERB	estre
plus	ADV	plus
acustomee	VERB	accoutemont
d'	ADP	de
estre	VERB	estre
.	PUNCT	.
Et	CCONJ	et
certes	ADV	certes
,	PUNCT	,
Dame	NOUN	dame
,	PUNCT	,
c'	CCONJ	ce
est	VERB	estre
en	ADP	en
moy	PRON	moi
qe	SCONJ	que
le	DET	le
male	ADJ	mal
habite	NOUN	habite
et	CCONJ	et
y	ADV	y
demoert	NOUN	demetre
plus	ADV	plus
adesement	ADV	adesembre
qe	SCONJ	que
fait	VERB	faire
le	DET	le
lou	DET	le
en	ADP	en
bois	NOUN	bois
.	PUNCT	.
Par	ADP	par
qoi	PRON	coi
,	PUNCT	,
tresdouce	NOUN	doux
Dame	NOUN	dame
,	PUNCT	,
jeo	PRON	je
voz	DET	vostre
requer	VERB	requerre
et	CCONJ	et
prie	VERB	priier
,	PUNCT	,
pur	ADP	pour
le	DET	le
grant	ADJ	grant
amour	NOUN	amour
qe	SCONJ	que
voz	DET	vostre
avietz	VERB	avié
a	ADP	a
vostre	DET	vostre
trescher	VERB	treschier
filz	NOUN	fil
,	PUNCT	,
qe	SCONJ	que
de	ADP	de
celle	DET	cil
grace	NOUN	grace
qe	SCONJ	que
voz	DET	vostre
si	ADV	si
tresplentivousement	NOUN	tresplenvent-clonmen
eustz	NOUN	avoir
de	ADP	de
luy	PRON	lui
et	CCONJ	et
avetz	NOUN	avoir
,	PUNCT	,
qe	SCONJ	que
voz	DET	vostre
me	PRON	je
voillietz	NOUN	vouloir
et	CCONJ	et
deignetz	NOUN	deignier
tant	ADV	tant
doner	VERB	doner
qe	SCONJ	que
jeo	PRON	je
puisse	VERB	pöoir
par	ADP	par
celle	DET	cil
grace	NOUN	grace
la	DET	le
malveistee	NOUN	mauvaise
de	ADP	de
moy	PRON	moi
si	ADV	si
constreindre	VERB	contrendre
q'	SCONJ	que
elle	PRON	elle
n'	ADV	ne
eit	VERB	aidier
nul	DET	nul
poair	VERB	pöoir
a	ADP	a
soi	PRON	soi
combatre	VERB	combattre
ne	ADV	ne
contreestre	NOUN	contreendre
la	DET	le
bone	ADJ	bon
volente	ADJ	voler
et	CCONJ	et
l'	DET	le
ordenance	NOUN	ordonnement
de	ADP	de
mon	DET	mon
bon	ADJ	bon
seignur	NOUN	seigneur
et	CCONJ	et
meistre	ADJ	maistre
et	CCONJ	et
de	ADP	de
voz	DET	vostre
,	PUNCT	,
ma	DET	mon
douce	ADJ	doux
Dame	NOUN	dame
,	PUNCT	,
envolupuresce	NOUN	escovoir
des	ADP.DET	de.le
mes	DET	mais
ordes	NOUN	ordre
plaies	NOUN	plaie
,	PUNCT	,
ne	ADV	ne
qe	SCONJ	que
celle	DET	cil
malveiste	NOUN	mauvais
n'	ADV	ne
eit	VERB	aidier
poair	VERB	pöoir
a	ADP	a
destourber	VERB	détourber
les	DET	le
grantz	ADJ	grant
biens	NOUN	bien
qe	SCONJ	que
par	ADP	par
les	DET	le
seintes	VERB	saint
medicines	NOUN	midicande
pardevant	NOUN	parfaite
ditez	VERB	dire
me	PRON	je
poent	VERB	pöoir
avenir	VERB	avenir
et	CCONJ	et
par	ADP	par
les	DET	le
douces	ADJ	doux
envolupures	NOUN	enforcelour
;	PUNCT	;
et	CCONJ	et
ces	DET	ce
sont	VERB	estre
les	DET	le
biens	NOUN	bien
qe	SCONJ	que
jeo	PRON	je
espoir	NOUN	espoir
,	PUNCT	,
tresdouce	NOUN	doux
Dame	NOUN	dame
,	PUNCT	,
d'	ADP	de
avoir	VERB	avoir
par	ADP	par
celles	DET	cil
medicines	NOUN	midicande
et	CCONJ	et
envolupures	NOUN	enforcelour
:	PUNCT	:
de	ADP	de
ma	DET	mon
maladie	ADJ	maladen
parfite	NOUN	parfoit
garrison	NOUN	garir
,	PUNCT	,
de	ADP	de
mort	NOUN	mort
tempre	NOUN	tempre
refusion	NOUN	réfusdre
et	CCONJ	et
de	ADP	de
dolour	NOUN	dolor
sanz	ADP	sans
fyne	NOUN	finer
joie	NOUN	joie
pardurable	ADJ	perdurable
.	PUNCT	.
Amen	NOUN	amener
,	PUNCT	,
c'	CCONJ	ce
est	VERB	estre
a	ADP	a
dire	VERB	dire
Amen	NOUN	amener
:	PUNCT	:
q'	SCONJ	que
ensi	ADV	ainsi
soit	VERB	estre
il	PRON	il
.	PUNCT	.
Et	CCONJ	et
jeo	PRON	je
prie	VERB	priier
a	ADP	a
le	DET	le
tresdouce	NOUN	doux
Jesus	PROPN	jesus
qe	SCONJ	que
par	ADP	par
grace	NOUN	grace
,	PUNCT	,
pite	NOUN	pit
et	CCONJ	et
mercy	NOUN	merci
,	PUNCT	,
ensi	ADV	ainsi
soit	VERB	estre
il	PRON	il
.	PUNCT	.
Amen	NOUN	amener
.	PUNCT	.
Tresredoutee	PROPN	trésorder
chere	NOUN	cher
Dame	NOUN	dame
,	PUNCT	,
apres	ADV	après
l'	DET	le
envolupure	NOUN	enforchelour
de	ADP	de
mes	DET	mais
ordes	NOUN	ordre
et	CCONJ	et
perillousez	NOUN	perillos
plaies	NOUN	plaie
mortels	ADJ	mortel
en	ADP	en
voz	DET	vostre
doucez	ADJ	douz
joies	NOUN	joie
,	PUNCT	,
les	DET	le
quels	DET	quel
jeo	PRON	je
face	VERB	faire
semblables	ADJ	semblable
a	ADP	a
tresbeaux	ADJ	tresable
,	PUNCT	,
blancs	ADJ	blanc
et	CCONJ	et
nettz	ADJ	nattre
drapels	NOUN	draple
pur	ADP	pour
mes	DET	mais
plaies	NOUN	plaie
einz	ADV	ainz
envoluper	VERB	envoser
,	PUNCT	,
jeo	PRON	je
voz	DET	vostre
vorroie	VERB	voir
,	PUNCT	,
tresdouce	NOUN	doux
Dame	NOUN	dame
,	PUNCT	,
requere	VERB	requerre
qe	SCONJ	que
ausi	ADV	aussi
pité	NOUN	pité
eietz	NOUN	aider
de	ADP	de
la	DET	le
grande	ADJ	grand
maladie	ADJ	maladen
qe	SCONJ	que
j'	PRON	je
ai	VERB	avoir
dedeinz	ADP	dedenit
le	DET	le
corps	NOUN	corps
,	PUNCT	,
sicome	NOUN	sicomme
apparant	VERB	apparent
est	VERB	estre
pardevant	NOUN	parfaite
et	CCONJ	et
qe	SCONJ	que
de	ADP	de
voz	DET	vostre
joies	NOUN	joie
il	PRON	il
voz	DET	vostre
pleust	ADJ	plaire
departir	VERB	departir
oue	PRON	oeu
moy	PRON	moi
pur	ADP	pour
moy	PRON	moi
conforter	VERB	conforter
,	PUNCT	,
tresdouce	NOUN	doux
Dame	NOUN	dame
,	PUNCT	,
sicom	SCONJ	sicomme
j'	PRON	je
ai	VERB	avoir
dit	VERB	dire
cy	ADV	ci
devant	ADP	devant
qe	SCONJ	que
jeo	PRON	je
sui	VERB	estre
durement	ADV	durement
anyenty	ADJ	aniet
et	CCONJ	et
fieble	ADJ	fieble
qe	SCONJ	que
jeo	PRON	je
ne	ADV	ne
me	PRON	je
puisse	VERB	pöoir
riens	NOUN	rien
meismes	ADJ	même
eider	VERB	aidier
ne	ADV	ne
lever	VERB	lever
de	ADP	de
mon	DET	mon
dolorous	NOUN	doloros
lite	NOUN	lit
sanz	ADP	sans
l'	DET	le
eide	NOUN	aide
,	PUNCT	,
treschere	VERB	treschér
Dame	NOUN	dame
,	PUNCT	,
de	ADP	de
vostre	DET	vostre
douz	ADJ	douz
filtz	NOUN	filt
et	CCONJ	et
de	ADP	de
voz	DET	vostre
.	PUNCT	.
Et	CCONJ	et
cy	ADV	ci
devant	ADP	devant
ai	VERB	avoir
jeo	PRON	je
dit	VERB	dire
et	CCONJ	et
requis	VERB	requerre
de	ADP	de
le	DET	le
tresbon	NOUN	treson
meistre	ADJ	maistre
les	DET	le
medicines	NOUN	midicande
tielles	NOUN	tel
q'	SCONJ	que
il	PRON	il
me	PRON	je
semble	NOUN	sembler
qe	SCONJ	que
bien	NOUN	bien
me	PRON	je
deveroient	VERB	devoir
suffire	NOUN	suffire
largement	NOUN	largement
;	PUNCT	;
pur	ADP	pour
la	DET	le
grande	ADJ	grand
vertue	NOUN	vertu
d'	ADP	de
eles	PRON	il
covient	VERB	covenir
qe	SCONJ	que
la	DET	le
maladie	ADJ	maladen
soit	VERB	estre
moelt	NOUN	moulet
tresgrande	NOUN	restrande
.	PUNCT	.
Mes	CCONJ	mais
ore	NOUN	ore
averoie	VERB	avoir
jeo	PRON	je
mestier	NOUN	mestier
nepurquant	ADV	neurchonde
d'	ADP	de
estre	VERB	estre
reforcee	VERB	reforcer
et	CCONJ	et
eidez	VERB	aidier
a	ADP	a
moy	PRON	moi
lever	VERB	lever
vigorousement	NOUN	vergoigole
de	ADP	de
la	DET	le
maladie	ADJ	maladen
en	ADP	en
qi	PRON	qui
j'	PRON	je
ai	VERB	avoir
longement	ADV	longuement
languy	NOUN	langue
;	PUNCT	;
et	CCONJ	et
siu	DET	six
en	ADP	en
peril	NOUN	peril
,	PUNCT	,
tresdouce	NOUN	doux
Dame	NOUN	dame
,	PUNCT	,
de	ADP	de
perir	VERB	perir
,	PUNCT	,
si	ADV	si
jeo	PRON	je
n'	ADV	ne
ei	VERB	avoir
eide	NOUN	aide
et	CCONJ	et
socour	NOUN	soucher
de	ADP	de
voz	DET	vostre
apres	ADV	après
les	DET	le
medicines	NOUN	midicande
devant	ADP	devant
dites	VERB	dire
.	PUNCT	.
Ma	DET	mon
tresdouce	NOUN	doux
Dame	NOUN	dame
,	PUNCT	,
il	PRON	il
me	PRON	je
semble	NOUN	sembler
come	SCONJ	come
si	ADV	si
nostre	DET	notre
bone	ADJ	bon
meistre	ADJ	maistre
le	DET	le
tresdouce	NOUN	doux
Jesus	PROPN	jesus
voz	DET	vostre
eust	VERB	avoir
donee	VERB	doner
la	DET	le
garde	NOUN	garde
de	ADP	de
moy	PRON	moi
et	CCONJ	et
moelt	NOUN	moulet
cherement	ADV	cherement
priee	NOUN	priier
qe	SCONJ	que
voz	DET	vostre
preissetz	NOUN	preser
tielle	NOUN	telle
garde	NOUN	garde
de	ADP	de
moy	PRON	moi
qe	SCONJ	que
la	DET	le
cure	NOUN	cure
q'	SCONJ	que
il	PRON	il
ad	VERB	avoir
mys	VERB	mettre
en	ADP	en
moy	PRON	moi
ne	ADV	ne
feust	VERB	être
pas	NOUN	pas
perdue	VERB	perdre
,	PUNCT	,
ne	ADV	ne
les	DET	le
peynes	NOUN	peine
q'	SCONJ	que
il	PRON	il
ad	VERB	avoir
mys	VERB	mettre
pur	ADP	pour
moy	PRON	moi
cheitif	ADJ	chaitif
garrir	VERB	garir
et	CCONJ	et
les	DET	le
medicines	NOUN	midicande
qe	SCONJ	que
tant	ADV	tant
ont	VERB	avoir
coustee	VERB	coster
;	PUNCT	;
siqe	NOUN	siec
,	PUNCT	,
douce	ADJ	doux
Dame	NOUN	dame
,	PUNCT	,
pernetz	NOUN	perner
garde	NOUN	garde
,	PUNCT	,
ne	ADV	ne
mye	ADJ	mie
pur	ADP	pour
moy	PRON	moi
,	PUNCT	,
mes	DET	mais
pur	ADP	pour
l'	DET	le
amour	NOUN	amour
de	ADP	de
Cely	DET	cel
a	ADP	a
qi	PRON	qui
il	PRON	il
ad	VERB	avoir
tant	ADV	tant
coustee	VERB	coster
ma	DET	mon
garrison	NOUN	garir
:	PUNCT	:
c'	CCONJ	ce
est	VERB	estre
vostre	DET	vostre
treschier	VERB	trechier
filtz	NOUN	filt
,	PUNCT	,
tresdouce	NOUN	doux
Dame	NOUN	dame
,	PUNCT	,
qe	SCONJ	que
dona	VERB	doner
tout	DET	tout
le	DET	le
sank	NOUN	sang
de	ADP	de
son	DET	son
benoit	VERB	benoiier
coer	NOUN	coer
pur	ADP	pour
moy	PRON	moi
un	DET	un
jour	NOUN	jour
,	PUNCT	,
pur	ADP	pour
moy	PRON	moi
garrir	VERB	garir
de	ADP	de
la	DET	le
morte	VERB	morir
,	PUNCT	,
siqe	NOUN	siec
,	PUNCT	,
Dame	NOUN	dame
,	PUNCT	,
jeo	PRON	je
espoir	NOUN	espoir
par	ADP	par
celle	DET	cil
preciouse	ADJ	procïos
et	CCONJ	et
tresnoble	ADJ	tressancil
medicine	NOUN	midicande
estre	VERB	estre
tout	DET	tout
garriz	VERB	garir
et	CCONJ	et
en	ADP	en
bone	ADJ	bon
poynt	VERB	point
,	PUNCT	,
mes	DET	mais
qe	SCONJ	que
il	PRON	il
voz	DET	vostre
plese	NOUN	plaire
,	PUNCT	,
douce	ADJ	doux
Dame	NOUN	dame
,	PUNCT	,
a	ADP	a
moy	PRON	moi
conforter	VERB	conforter
et	CCONJ	et
lever	VERB	lever
de	ADP	de
mon	DET	mon
malveis	ADJ	mauvais
lite	NOUN	lit
en	ADP	en
qoi	PRON	coi
jeo	PRON	je
gise	NOUN	jesir
,	PUNCT	,
et	CCONJ	et
ne	ADV	ne
me	PRON	je
puisse	VERB	pöoir
de	ADP	de
illoqes	DET	illuec
boucher	NOUN	boucher
sanz	ADP	sans
especiale	ADJ	espécial
grace	NOUN	grace
et	CCONJ	et
eide	NOUN	aide
d'	ADP	de
ascunes	NOUN	ascuser
de	ADP	de
voz	DET	vostre
joies	NOUN	joie
,	PUNCT	,
tresdouce	NOUN	doux
Dame	NOUN	dame
,	PUNCT	,
qe	SCONJ	que
me	PRON	je
puissent	VERB	pöoir
eider	VERB	aidier
a	ADP	a
lever	VERB	lever
et	CCONJ	et
a	ADP	a
moy	PRON	moi
sustenir	NOUN	sustinet
fermement	NOUN	fermement
.	PUNCT	.
Tresdouce	PROPN	doux
Dame	NOUN	dame
,	PUNCT	,
sicome	NOUN	sicomme
un	DET	un
homme	NOUN	homme
qe	SCONJ	que
est	VERB	estre
fieble	ADJ	fieble
apres	ADV	après
un	DET	un
grande	ADJ	grand
maladie	ADJ	maladen
ne	ADV	ne
se	PRON	se
poet	VERB	pöoir
pas	NOUN	pas
bien	NOUN	bien
lever	VERB	lever
sanz	ADP	sans
eide	NOUN	aide
et	CCONJ	et
,	PUNCT	,
si	ADV	si
il	PRON	il
doit	VERB	devoir
aler	VERB	aler
,	PUNCT	,
trois	DET	trois
sustenours	NOUN	seunt-quetre
ly	DET	le
serroit	VERB	estre
mestier	NOUN	mestier
:	PUNCT	:
ceaux	ADJ	cela
sont	VERB	estre
les	DET	le
diaux	NOUN	duel
jambes	NOUN	jambe
et	CCONJ	et
une	DET	un
baston	NOUN	bâton
.	PUNCT	.
Sanz	ADP	sans
ces	DET	ce
trois	DET	trois
le	DET	le
cheitif	ADJ	chaitif
ne	ADV	ne
poet	VERB	pöoir
aler	VERB	aler
ne	ADV	ne
soi	PRON	soi
en	ADP	en
haut	ADJ	haut
drescer	VERB	dresser
.	PUNCT	.
Tresexcellente	PROPN	tresleveller
Dame	NOUN	dame
,	PUNCT	,
purroie	VERB	pouvoir
trover	VERB	trover
uncore	ADV	oncorer
,	PUNCT	,
apres	ADV	après
toutes	DET	tout
les	DET	le
envolupures	NOUN	enforcelour
,	PUNCT	,
tant	ADV	tant
de	ADP	de
voz	DET	vostre
joies	NOUN	joie
qe	SCONJ	que
me	PRON	je
puissent	VERB	pöoir
faire	VERB	faire
trois	DET	trois
suppuailes	NOUN	supple-dion
,	PUNCT	,
en	ADP	en
le	DET	le
lieu	NOUN	lieu
de	ADP	de
diaux	NOUN	duel
jambes	NOUN	jambe
et	CCONJ	et
un	DET	un
baston	NOUN	bâton
,	PUNCT	,
sur	ADP	sur
qelles	NOUN	celat
jeo	PRON	je
me	PRON	je
puisse	VERB	pöoir
baudement	NOUN	bautement
sustenir	NOUN	sustinet
pur	ADP	pour
toute	DET	tout
ma	DET	mon
fieblesce	NOUN	fïachielle
?	PUNCT	?
Certes	ADV	certes
il	PRON	il
me	PRON	je
semble	NOUN	sembler
,	PUNCT	,
douce	ADJ	doux
Dame	NOUN	dame
,	PUNCT	,
qe	SCONJ	que
oïl	NOUN	öil
hardiement	NOUN	hardïement
:	PUNCT	:
L'	DET	le
une	DET	un
jambe	NOUN	jambe
si	ADV	si
serra	VERB	serrer
,	PUNCT	,
Dame	NOUN	dame
,	PUNCT	,
si	ADV	si
voz	DET	vostre
plest	NOUN	plaire
,	PUNCT	,
a	ADP	a
sustenir	NOUN	sustinet
mon	DET	mon
cheitif	ADJ	chaitif
fieble	ADJ	fieble
corps	NOUN	corps
,	PUNCT	,
la	DET	le
grande	ADJ	grand
joie	NOUN	joie
qe	SCONJ	que
voz	DET	vostre
avietz	VERB	avié
a	ADP	a
la	DET	le
resurreccion	NOUN	résurchérir
de	ADP	de
vostre	DET	vostre
benoit	VERB	benoiier
cher	ADJ	cher
filtz	NOUN	filt
.	PUNCT	.
Celle	DET	celle
joie	NOUN	joie
,	PUNCT	,
tresdouce	NOUN	doux
Dame	NOUN	dame
,	PUNCT	,
voz	DET	vostre
feust	VERB	être
trop	ADV	trop
durement	ADV	durement
grande	ADJ	grand
et	CCONJ	et
bien	NOUN	bien
voz	DET	vostre
vient	VERB	venir
a	ADP	a
poynt	VERB	point
apres	ADV	après
le	DET	le
tresgrante	VERB	restrandre
dolour	NOUN	dolor
.	PUNCT	.
Et	CCONJ	et
si	ADV	si
jeo	PRON	je
soie	NOUN	estre
,	PUNCT	,
douce	ADJ	doux
Dame	NOUN	dame
,	PUNCT	,
sustenuz	NOUN	suitenut
d'	ADP	de
une	DET	un
part	NOUN	part
de	ADP	de
ceste	DET	cest
joie	NOUN	joie
,	PUNCT	,
il	PRON	il
me	PRON	je
semble	NOUN	sembler
qe	SCONJ	que
jeo	PRON	je
me	PRON	je
purrai	VERB	pouvoir
le	DET	le
meultz	DET	moult
drescer	VERB	dresser
vers	ADP	vers
mont	NOUN	monde
.	PUNCT	.
Et	CCONJ	et
l'	DET	le
autre	ADJ	autre
jambe	NOUN	jambe
,	PUNCT	,
tresdouce	NOUN	doux
Dame	NOUN	dame
,	PUNCT	,
de	ADP	de
qelles	NOUN	celat
de	ADP	de
voz	DET	vostre
joies	NOUN	joie
la	DET	le
purroie	VERB	pouvoir
jeo	PRON	je
faire	VERB	faire
pur	ADP	pour
sustenir	NOUN	sustinet
mon	DET	mon
mescheant	VERB	meschëoir
fieble	ADJ	fieble
corps	NOUN	corps
?	PUNCT	?
Certes	ADV	certes
,	PUNCT	,
Dame	NOUN	dame
,	PUNCT	,
jeo	PRON	je
me	PRON	je
tenk	ADJ	tenir
a	ADP	a
la	DET	le
grande	ADJ	grand
joie	NOUN	joie
qe	SCONJ	que
voz	DET	vostre
eustes	VERB	avoir
quant	SCONJ	cant
voz	DET	vostre
veistes	VERB	voir
qe	SCONJ	que
vostre	DET	vostre
tresbenoit	VERB	tresance
filz	NOUN	fil
montoit	VERB	monter
en	ADP	en
ciel	NOUN	ciel
,	PUNCT	,
et	CCONJ	et
portoit	VERB	porter
la	DET	le
seinte	ADJ	saint
char	NOUN	char
et	CCONJ	et
le	DET	le
benoit	VERB	benoiier
sank	NOUN	sang
q'	SCONJ	que
il	PRON	il
avoit	VERB	avoir
pris	NOUN	prendre
de	ADP	de
voz	DET	vostre
,	PUNCT	,
et	CCONJ	et
de	ADP	de
nostre	DET	notre
humanité	NOUN	hommanité
la	DET	le
poure	NOUN	pour
semblance	NOUN	semblance
,	PUNCT	,
et	CCONJ	et
la	DET	le
sist	VERB	sëoir
a	ADP	a
destre	ADJ	destre
son	DET	son
Pier	PROPN	pier
:	PUNCT	:
bien	NOUN	bien
peustez	VERB	pouvoir
et	CCONJ	et
eustez	VERB	avoir
,	PUNCT	,
Dame	NOUN	dame
,	PUNCT	,
lors	ADV	lors
grande	ADJ	grand
joie	NOUN	joie
,	PUNCT	,
nyent	VERB	nïent
contreesteant	NOUN	contreement
le	DET	le
departement	NOUN	departer
,	PUNCT	,
car	CCONJ	car
bien	NOUN	bien
seure	NOUN	seror
estoietz	NOUN	être
voz	DET	vostre
,	PUNCT	,
douce	ADJ	doux
Dame	NOUN	dame
,	PUNCT	,
de	ADP	de
tost	DET	tost
apres	ADV	après
venir	VERB	venir
sanz	ADP	sans
nul	DET	nul
empechement	NOUN	empemper
et	CCONJ	et
,	PUNCT	,
depuis	ADV	depuis
qe	SCONJ	que
si	ADV	si
noble	ADJ	noble
herbergeours	NOUN	herbergier
avietz	VERB	avié
estee	VERB	estre
,	PUNCT	,
bien	NOUN	bien
estes	VERB	estre
seure	NOUN	seror
de	ADP	de
bon	ADJ	bon
et	CCONJ	et
bele	ADJ	bel
hostiel	NOUN	hôtil
.	PUNCT	.
Et	CCONJ	et
puis	NOUN	puis
qe	SCONJ	que
la	DET	le
char	NOUN	char
et	CCONJ	et
le	DET	le
sank	NOUN	sang
estoit	VERB	estre
par	ADP	par
devant	ADP	devant
alee	VERB	aler
,	PUNCT	,
bien	NOUN	bien
seustes	ADJ	savoir
qe	SCONJ	que
l'	DET	le
alme	NOUN	alem
oue	PRON	oeu
tout	DET	tout
le	DET	le
remenant	NOUN	remanant
de	ADP	de
benoit	VERB	benoiier
corps	NOUN	corps
veneroit	VERB	vener
moelt	NOUN	moulet
seurement	NOUN	sûrement
apres	ADV	après
.	PUNCT	.
Desuz	ADP	dessous
ces	DET	ce
diaux	NOUN	duel
jambes	NOUN	jambe
,	PUNCT	,
tresdouce	NOUN	doux
Dame	NOUN	dame
,	PUNCT	,
me	PRON	je
oseroie	VERB	oser
bien	NOUN	bien
adrescer	VERB	adrecier
,	PUNCT	,
car	CCONJ	car
elles	PRON	elle
sont	VERB	estre
fortez	NOUN	forter
,	PUNCT	,
voir	ADJ	voir
voir	ADJ	voir
ffortes	NOUN	ferfoit
de	ADP	de
la	DET	le
grande	ADJ	grand
puissance	NOUN	puissance
Dieux	PROPN	dieu
;	PUNCT	;
et	CCONJ	et
autrement	ADV	autrement
ceo	DET	ce
serroit	VERB	estre
fort	ADJ	fort
affaire	NOUN	affaire
et	CCONJ	et
a	ADP	a
croire	VERB	croire
;	PUNCT	;
mes	DET	mais
riens	NOUN	rien
ne	ADV	ne
est	VERB	estre
fort	ADJ	fort
a	ADP	a
croire	VERB	croire
qe	SCONJ	que
Dieux	PROPN	dieu
nostre	DET	notre
seignur	NOUN	seigneur
ne	ADV	ne
puisse	VERB	pöoir
toutez	DET	tout
choses	NOUN	chose
faire	VERB	faire
,	PUNCT	,
ne	ADV	ne
rien	NOUN	rien
ne	ADV	ne
ly	DET	le
est	VERB	estre
affaire	NOUN	affaire
fort	ADJ	fort
;	PUNCT	;
siqe	NOUN	siec
,	PUNCT	,
douce	ADJ	doux
Dame	NOUN	dame
,	PUNCT	,
jeo	PRON	je
me	PRON	je
sustiegne	NOUN	suiticante
sur	ADP	sur
ces	DET	ce
diaux	NOUN	duel
jambes	NOUN	jambe
,	PUNCT	,
c'	CCONJ	ce
est	VERB	estre
a	ADP	a
dire	VERB	dire
sur	ADP	sur
ces	DET	ce
diaux	NOUN	duel
grandes	ADJ	grand
joies	NOUN	joie
qe	SCONJ	que
voz	DET	vostre
eustes	VERB	avoir
de	ADP	de
la	DET	le
resurreccion	NOUN	résurchérir
et	CCONJ	et
del	ADP.DET	de.le
ascencion	NOUN	ascensiner
.	PUNCT	.
Et	CCONJ	et
puis	NOUN	puis
covient	VERB	covenir
un	DET	un
bastoun	NOUN	bâton
avoir	VERB	avoir
en	ADP	en
la	DET	le
mayn	NOUN	main
pur	ADP	pour
plus	ADV	plus
seurement	NOUN	sûrement
aler	VERB	aler
,	PUNCT	,
sur	ADP	sur
lequel	DET	lequel
jeo	PRON	je
me	PRON	je
puisse	VERB	pöoir
bien	NOUN	bien
et	CCONJ	et
fortement	NOUN	fortement
apouer	VERB	apouier
et	CCONJ	et
sustenir	NOUN	sustinet
mon	DET	mon
fieble	ADJ	fieble
corps	NOUN	corps
tantqe	DET	tant
jeo	PRON	je
soie	NOUN	estre
garriz	VERB	garir
et	CCONJ	et
tout	DET	tout
en	ADP	en
bon	ADJ	bon
poynt	VERB	point
;	PUNCT	;
et	CCONJ	et
c'	CCONJ	ce
est	VERB	estre
la	DET	le
tierce	NOUN	tierce
jambe	NOUN	jambe
qe	SCONJ	que
covendra	VERB	covenir
estre	VERB	estre
de	ADP	de
la	DET	le
tierce	NOUN	tierce
grande	ADJ	grand
joie	NOUN	joie
ensuante	ADP	ensumer
qe	SCONJ	que
voz	DET	vostre
eustes	VERB	avoir
,	PUNCT	,
tresdouce	NOUN	doux
Dame	NOUN	dame
,	PUNCT	,
quant	SCONJ	cant
partistes	NOUN	partir
de	ADP	de
ceo	DET	ce
monde	NOUN	monde
et	CCONJ	et
venistes	VERB	venir
a	ADP	a
vostre	DET	vostre
filz	NOUN	fil
en	ADP	en
paradys	NOUN	paradis
.	PUNCT	.
Celle	DET	celle
joie	NOUN	joie
estoit	VERB	estre
plus	ADV	plus
grande	ADJ	grand
qe	SCONJ	que
nul	DET	nul
coer	NOUN	coer
purroit	VERB	pouvoir
penser	VERB	penser
,	PUNCT	,
car	CCONJ	car
celle	DET	cil
,	PUNCT	,
douce	ADJ	doux
Dame	NOUN	dame
,	PUNCT	,
estoit	VERB	estre
sanz	ADP	sans
nul	DET	nul
comparison	NOUN	comparois
cy	ADV	ci
,	PUNCT	,
car	CCONJ	car
bien	NOUN	bien
asseuree	VERB	assurer
estoietz	NOUN	être
donqes	ADV	donc
qe	SCONJ	que
toutez	DET	tout
dolours	NOUN	delour
et	CCONJ	et
peynes	NOUN	peine
et	CCONJ	et
touz	DET	tout
languissementez	VERB	langlement
estoient	VERB	estre
pleinement	ADV	pleinement
passez	VERB	passer
et	CCONJ	et
vostre	DET	vostre
douce	ADJ	doux
desire	VERB	desirrer
pleinement	ADV	pleinement
acomplez	VERB	accompler
.	PUNCT	.
Tresdouce	PROPN	doux
Dame	NOUN	dame
,	PUNCT	,
si	ADV	si
jeo	PRON	je
soie	NOUN	estre
de	ADP	de
ces	DET	ce
trois	DET	trois
jambes	NOUN	jambe
sustenuz	NOUN	suitenut
tantqe	DET	tant
jeo	PRON	je
soie	NOUN	estre
plus	ADV	plus
fort	ADJ	fort
de	ADP	de
moy	PRON	moi
meismes	ADJ	même
qe	SCONJ	que
jeo	PRON	je
ne	ADV	ne
siu	DET	six
encore	ADV	encore
,	PUNCT	,
jeo	PRON	je
serroie	VERB	serrer
moelt	NOUN	moulet
reconfortee	VERB	reconforter
,	PUNCT	,
car	CCONJ	car
en	ADP	en
bone	ADJ	bon
foy	NOUN	foi
j'	PRON	je
ai	VERB	avoir
estee	VERB	estre
si	ADV	si
tresmalades	NOUN	tresalament
et	CCONJ	et
si	ADV	si
durement	ADV	durement
desheitez	VERB	deshaitier
,	PUNCT	,
si	ADV	si
bien	NOUN	bien
de	ADP	de
plaies	NOUN	plaie
morteles	ADJ	mortel
com	SCONJ	come
des	ADP.DET	de.le
autres	PRON	autre
maladies	ADJ	maladie
qe	SCONJ	que
m'	PRON	je
agregont	NOUN	agregor
del	ADP.DET	de.le
anguises	NOUN	angue
de	ADP	de
ditez	VERB	dire
plaies	NOUN	plaie
,	PUNCT	,
qe	SCONJ	que
jeo	PRON	je
sui	VERB	estre
si	ADV	si
tresfieble	NOUN	tresfaillier
qe	SCONJ	que
jeo	PRON	je
ne	ADV	ne
me	PRON	je
puisse	VERB	pöoir
mye	ADJ	mie
meismes	ADJ	même
drescer	VERB	dresser
sanz	ADP	sans
l'	DET	le
eide	NOUN	aide
de	ADP	de
voz	DET	vostre
,	PUNCT	,
ma	DET	mon
tresdouce	NOUN	doux
Dame	NOUN	dame
.	PUNCT	.
Et	CCONJ	et
pur	ADP	pour
ceo	DET	ce
voz	DET	vostre
ai	VERB	avoir
jeo	PRON	je
requis	VERB	requerre
de	ADP	de
celles	DET	cil
trois	DET	trois
joies	NOUN	joie
qe	SCONJ	que
sont	VERB	estre
montant	VERB	monter
tout	DET	tout
trois	DET	trois
pur	ADP	pour
moy	PRON	moi
relever	VERB	relever
et	CCONJ	et
faire	VERB	faire
monter	VERB	monter
en	ADP	en
paradis	NOUN	paradis
,	PUNCT	,
et	CCONJ	et
moy	PRON	moi
garrir	VERB	garir
de	ADP	de
ma	DET	mon
male	ADJ	mal
maladie	ADJ	maladen
-	PUNCT	-
c'	CCONJ	ce
est	VERB	estre
les	DET	le
pecchés	NOUN	péché
en	ADP	en
qoi	PRON	coi
jeo	PRON	je
siu	DET	six
giseez	NOUN	jesir
.	PUNCT	.
Et	CCONJ	et
mon	DET	mon
lite	NOUN	lit
,	PUNCT	,
c'	CCONJ	ce
est	VERB	estre
le	DET	le
mond	DET	monde
en	ADP	en
le	DET	le
quel	DET	quel
jeo	PRON	je
siu	DET	six
couchez	VERB	coucher
et	CCONJ	et
ne	ADV	ne
me	PRON	je
puisse	VERB	pöoir
lever	VERB	lever
ne	ADV	ne
drescer	VERB	dresser
par	ADP	par
moy	PRON	moi
sanz	ADP	sans
l'	DET	le
eide	NOUN	aide
de	ADP	de
voz	DET	vostre
,	PUNCT	,
ma	DET	mon
chere	NOUN	cher
Dame	NOUN	dame
;	PUNCT	;
siqe	NOUN	siec
jeo	PRON	je
voz	DET	vostre
prie	VERB	priier
qe	SCONJ	que
j'	PRON	je
ai	VERB	avoir
celles	DET	cil
trois	DET	trois
joies	NOUN	joie
pur	ADP	pour
moy	PRON	moi
drescer	VERB	dresser
et	CCONJ	et
lever	VERB	lever
et	CCONJ	et
a	ADP	a
droit	ADJ	droit
sustenir	NOUN	sustinet
en	ADP	en
haut	ADJ	haut
:	PUNCT	:
la	DET	le
resureccion	NOUN	récorsir
pur	ADP	pour
moy	PRON	moi
drescer	VERB	dresser
sus	DET	sus
de	ADP	de
la	DET	le
sarcu	NOUN	sarcu
ou	CCONJ	ou
jeo	PRON	je
gise	NOUN	jesir
com	SCONJ	come
mort	NOUN	mort
,	PUNCT	,
c'	CCONJ	ce
est	VERB	estre
a	ADP	a
dire	VERB	dire
en	ADP	en
ceo	DET	ce
mond	DET	monde
gise	NOUN	jesir
en	ADP	en
mortele	ADJ	mortel
pecché	NOUN	péché
com	SCONJ	come
mort	NOUN	mort
et	CCONJ	et
hors	ADV	hors
me	PRON	je
dresce	NOUN	dresser
celle	DET	cil
resurreccion	NOUN	résurchérir
;	PUNCT	;
l'	DET	le
ascencion	NOUN	ascensiner
pur	ADP	pour
moy	PRON	moi
lever	VERB	lever
de	ADP	de
lit	NOUN	lit
-	PUNCT	-
de	ADP	de
lit	NOUN	lit
de	ADP	de
ceo	DET	ce
monde	NOUN	monde
,	PUNCT	,
q'	SCONJ	que
est	VERB	estre
le	DET	le
lit	NOUN	lit
perillouse	ADJ	perillos
:	PUNCT	:
de	ADP	de
ceo	DET	ce
lit	NOUN	lit
serroit	VERB	estre
bone	ADJ	bon
a	ADP	a
matyn	NOUN	matin
lever	VERB	lever
et	CCONJ	et
tard	ADV	tard
coucher	VERB	coucher
;	PUNCT	;
et	CCONJ	et
l'	DET	le
assumpcion	NOUN	assembler
pur	ADP	pour
moy	PRON	moi
droit	ADJ	droit
sustenir	NOUN	sustinet
en	ADP	en
haut	ADJ	haut
,	PUNCT	,
qe	SCONJ	que
jeo	PRON	je
ne	ADV	ne
cheise	NOUN	chaiste
ariere	NOUN	arrière
a	ADP	a
terre	NOUN	terre
par	ADP	par
ma	DET	mon
fieblesce	NOUN	fïachielle
-	PUNCT	-
c'	CCONJ	ce
est	VERB	estre
a	ADP	a
entendre	VERB	entendre
qe	SCONJ	que
si	ADV	si
jeo	PRON	je
soie	NOUN	estre
relevee	VERB	relever
,	PUNCT	,
Dame	NOUN	dame
,	PUNCT	,
par	ADP	par
vostre	DET	vostre
eide	NOUN	aide
,	PUNCT	,
qe	SCONJ	que
jeo	PRON	je
par	ADP	par
ma	DET	mon
fieblesce	NOUN	fïachielle
ne	ADV	ne
chese	NOUN	chef
en	ADP	en
temptacions	NOUN	tempteux
de	ADP	de
ma	DET	mon
char	NOUN	char
,	PUNCT	,
qe	SCONJ	que
n'	ADV	ne
est	VERB	estre
qe	SCONJ	que
terre	NOUN	terre
,	PUNCT	,
ne	ADV	ne
autrement	ADV	autrement
,	PUNCT	,
mes	DET	mais
qe	SCONJ	que
jeo	PRON	je
soie	NOUN	estre
,	PUNCT	,
douce	ADJ	doux
Dame	NOUN	dame
,	PUNCT	,
par	ADP	par
celle	DET	cil
grande	ADJ	grand
joie	NOUN	joie
si	ADV	si
droit	ADJ	droit
sustenuz	NOUN	suitenut
qe	SCONJ	que
jeo	PRON	je
n'	ADV	ne
enclyne	VERB	encliner
pas	NOUN	pas
vers	ADP	vers
val	NOUN	val
,	PUNCT	,
ayns	NOUN	ains
soie	NOUN	estre
sustenuz	NOUN	suitenut
tout	DET	tout
droit	ADJ	droit
vers	ADP	vers
mont	NOUN	monde
a	ADP	a
la	DET	le
droite	ADJ	droit
voie	NOUN	voie
de	ADP	de
paradis	NOUN	paradis
,	PUNCT	,
ou	CCONJ	ou
noz	DET	notre
meigne	ADJ	meigne
Dieux	PROPN	dieu
le	DET	le
Piere	NOUN	piere
,	PUNCT	,
le	DET	le
Filz	NOUN	fil
et	CCONJ	et
le	DET	le
Seint	ADJ	saint
Espirite	NOUN	esprit
,	PUNCT	,
a	ADP	a
la	DET	le
douce	ADJ	doux
priere	NOUN	priier
et	CCONJ	et
requeste	NOUN	requête
et	CCONJ	et
diligence	NOUN	diligence
de	ADP	de
voz	DET	vostre
,	PUNCT	,
ma	DET	mon
tresdouce	NOUN	doux
Dame	NOUN	dame
Seinte	ADJ	saint
Marie	PROPN	marie
.	PUNCT	.
Mon	DET	mon
tresdouce	NOUN	doux
Seignur	NOUN	seigneur
Jesus	PROPN	jesus
Crist	PROPN	crist
,	PUNCT	,
jeo	PRON	je
voz	DET	vostre
mercie	NOUN	mercïer
tant	ADV	tant
come	SCONJ	come
jeo	PRON	je
puisse	VERB	pöoir
plus	ADV	plus
de	ADP	de
la	DET	le
grace	NOUN	grace
qe	SCONJ	que
voz	DET	vostre
,	PUNCT	,
Sires	NOUN	seignor
,	PUNCT	,
m'	PRON	je
avetz	NOUN	avoir
donee	VERB	doner
a	ADP	a
demander	VERB	demander
medicines	NOUN	midicande
tieles	NOUN	tel
qe	SCONJ	que
jeo	PRON	je
siu	DET	six
certeine	ADJ	certein
qe	SCONJ	que
ne	ADV	ne
me	PRON	je
poent	VERB	pöoir
failler	VERB	failler
de	ADP	de
moy	PRON	moi
garrir	VERB	garir
nettement	ADV	neter
de	ADP	de
mes	DET	mais
ordes	NOUN	ordre
plaies	NOUN	plaie
et	CCONJ	et
de	ADP	de
ma	DET	mon
tresgreve	NOUN	tressart
maladie	ADJ	maladen
en	ADP	en
la	DET	le
quel	DET	quel
jeo	PRON	je
siu	DET	six
longement	ADV	longuement
jeu	NOUN	jeu
,	PUNCT	,
einz	ADV	ainz
tout	DET	tout
dis	VERB	dire
,	PUNCT	,
en	ADP	en
peril	NOUN	peril
de	ADP	de
mort	NOUN	mort
.	PUNCT	.
Et	CCONJ	et
ore	NOUN	ore
,	PUNCT	,
tresdouce	NOUN	doux
Meistres	NOUN	maistre
,	PUNCT	,
vous	PRON	vous
ai	VERB	avoir
jeo	PRON	je
trovee	VERB	trover
pur	ADP	pour
ma	DET	mon
garrison	NOUN	garir
,	PUNCT	,
mesqe	NOUN	mêce
jeo	PRON	je
voille	NOUN	voloir
meismes	ADJ	même
;	PUNCT	;
et	CCONJ	et
,	PUNCT	,
douz	ADJ	douz
Sires	NOUN	seignor
,	PUNCT	,
donetz	VERB	doner
moy	PRON	moi
grace	NOUN	grace
qe	SCONJ	que
jeo	PRON	je
le	DET	le
voille	NOUN	voloir
et	CCONJ	et
jeo	PRON	je
soie	NOUN	estre
si	ADV	si
treshumble	NOUN	treschier
pacient	NOUN	partie
come	SCONJ	come
le	DET	le
mestier	NOUN	mestier
le	DET	le
demande	VERB	demander
,	PUNCT	,
a	ADP	a
receivoir	VERB	recevoir
bonement	NOUN	bonnement
les	DET	le
cures	NOUN	cure
qe	SCONJ	que
me	PRON	je
sont	VERB	estre
ordenés	NOUN	ordonner
par	ADP	par
voz	DET	vostre
,	PUNCT	,
tresdouz	DET	troudse
Meistres	NOUN	maistre
,	PUNCT	,
pur	ADP	pour
moy	PRON	moi
garder	VERB	garder
de	ADP	de
mort	NOUN	mort
et	CCONJ	et
moy	PRON	moi
de	ADP	de
tout	DET	tout
garrir	VERB	garir
.	PUNCT	.
Et	CCONJ	et
desicome	VERB	descomier
j'	PRON	je
ai	VERB	avoir
eu	VERB	avoir
une	DET	un
si	ADV	si
bone	ADJ	bon
gardeyne	NOUN	garder
qe	SCONJ	que
me	PRON	je
garde	NOUN	garde
en	ADP	en
ma	DET	mon
maladie	ADJ	maladen
si	ADV	si
tresdoucement	NOUN	droutque
et	CCONJ	et
mes	DET	mais
plaies	NOUN	plaie
envolupez	VERB	envoser
si	ADV	si
tres	ADV	très
a	ADP	a
poynt	VERB	point
et	CCONJ	et
si	ADV	si
tresbien	NOUN	treinbre
,	PUNCT	,
qe	SCONJ	que
trop	ADV	trop
serroit	VERB	estre
outrageous	NOUN	outroure
si	ADV	si
jeo	PRON	je
ne	ADV	ne
feusse	NOUN	être
pacient	NOUN	partie
,	PUNCT	,
et	CCONJ	et
ma	DET	mon
maladie	ADJ	maladen
trop	ADV	trop
greve	NOUN	grever
si	ADV	si
elle	PRON	elle
ne	ADV	ne
tournast	VERB	tourner
a	ADP	a
garrisson	NOUN	garir
.	PUNCT	.
Celle	DET	celle
douz	ADJ	douz
gardeyne	NOUN	garder
,	PUNCT	,
c'	CCONJ	ce
est	VERB	estre
la	DET	le
douce	ADJ	doux
Virge	NOUN	virge
Seinte	ADJ	saint
Marie	PROPN	marie
nostre	DET	notre
douce	ADJ	doux
Dame	NOUN	dame
et	CCONJ	et
vostre	DET	vostre
douce	ADJ	doux
miere	NOUN	mier
,	PUNCT	,
cher	ADJ	cher
Sires	NOUN	seignor
.	PUNCT	.
Et	CCONJ	et
c'	CCONJ	ce
est	VERB	estre
bone	ADJ	bon
custume	NOUN	custume
qe	SCONJ	que
,	PUNCT	,
quant	SCONJ	cant
l'	DET	le
en	ADP	en
est	VERB	estre
durement	ADV	durement
desheitez	VERB	deshaitier
,	PUNCT	,
qe	SCONJ	que
un	DET	un
femme	NOUN	femme
est	VERB	estre
ordené	VERB	ordrener
a	ADP	a
estre	VERB	estre
delez	ADP	dalez
luy	PRON	lui
,	PUNCT	,
car	CCONJ	car
plus	ADV	plus
suef	NOUN	souf
et	CCONJ	et
plus	ADV	plus
graciousement	NOUN	gracïos
le	DET	le
manye	VERB	manie
et	CCONJ	et
toutz	DET	tout
choses	NOUN	chose
ly	DET	le
fait	VERB	faire
plus	ADV	plus
plesantement	NOUN	plaiment
qe	SCONJ	que
ne	ADV	ne
ferroit	VERB	ferir
une	DET	un
homme	NOUN	homme
.	PUNCT	.
Et	CCONJ	et
pur	ADP	pour
ceo	DET	ce
,	PUNCT	,
tresdouce	NOUN	doux
Sires	NOUN	seignor
,	PUNCT	,
voz	DET	vostre
siu	DET	six
jeo	PRON	je
meultz	DET	moult
tenuz	VERB	tenir
a	ADP	a
mercier	VERB	mercier
de	ADP	de
tout	DET	tout
mon	DET	mon
coer	NOUN	coer
,	PUNCT	,
quant	SCONJ	cant
il	PRON	il
voz	DET	vostre
plest	NOUN	plaire
de	ADP	de
moy	PRON	moi
doner	VERB	doner
si	ADV	si
bone	ADJ	bon
garde	NOUN	garde
.	PUNCT	.
Bien	NOUN	bien
puisse	VERB	pöoir
jeo	PRON	je
savoir	VERB	savoir
qe	SCONJ	que
voz	DET	vostre
voillietz	NOUN	vouloir
,	PUNCT	,
douz	ADJ	douz
Sires	NOUN	seignor
,	PUNCT	,
qe	SCONJ	que
jeo	PRON	je
soie	NOUN	estre
garriz	VERB	garir
,	PUNCT	,
s'	DET	soi
il	PRON	il
ne	ADV	ne
tient	VERB	tenir
proprement	NOUN	proprement
a	ADP	a
moy	PRON	moi
meismes	ADJ	même
.	PUNCT	.
Et	CCONJ	et
,	PUNCT	,
tresdouz	DET	troudse
Sirez	NOUN	sire
,	PUNCT	,
jeo	PRON	je
voz	DET	vostre
prie	VERB	priier
qe	SCONJ	que
desoremes	VERB	desormer
jeo	PRON	je
ne	ADV	ne
me	PRON	je
governe	NOUN	governe
ja	ADV	ja
par	ADP	par
moy	PRON	moi
meismes	ADJ	même
,	PUNCT	,
car	CCONJ	car
jeo	PRON	je
sai	VERB	savoir
ore	NOUN	ore
bien	NOUN	bien
,	PUNCT	,
Sir	NOUN	seignor
,	PUNCT	,
par	ADP	par
vostre	DET	vostre
grace	NOUN	grace
,	PUNCT	,
qe	SCONJ	que
le	DET	le
meyn	NOUN	mener
governement	NOUN	govoirement
ne	ADV	ne
vaut	VERB	valoir
riens	NOUN	rien
forsqe	NOUN	fors
d'	ADP	de
amener	VERB	amener
et	CCONJ	et
de	ADP	de
mettre	VERB	mettre
en	ADP	en
peyne	NOUN	peine
ma	DET	mon
cheitive	ADJ	chaitif
alme	NOUN	alem
.	PUNCT	.
Par	ADP	par
qoi	PRON	coi
,	PUNCT	,
tresdouz	DET	troudse
Sires	NOUN	seignor
,	PUNCT	,
jeo	PRON	je
voz	DET	vostre
requere	VERB	requerre
et	CCONJ	et
supplie	VERB	supple
et	CCONJ	et
prie	VERB	priier
qe	SCONJ	que
jeo	PRON	je
puisse	VERB	pöoir
si	ADV	si
desore	ADP	desor
governer	VERB	governer
ma	DET	mon
vie	NOUN	vie
q'	SCONJ	que
elle	PRON	elle
soit	VERB	estre
plesance	NOUN	plaigne
a	ADP	a
voz	DET	vostre
,	PUNCT	,
Sire	NOUN	seignor
,	PUNCT	,
et	CCONJ	et
profitable	ADJ	profitable
a	ADP	a
l'	DET	le
alme	NOUN	alem
;	PUNCT	;
et	CCONJ	et
plese	NOUN	plaire
a	ADP	a
la	DET	le
Seinte	ADJ	saint
Trinité	NOUN	trinité
par	ADP	par
sa	DET	son
vertue	NOUN	vertu
qe	SCONJ	que
jeo	PRON	je
soie	NOUN	estre
de	ADP	de
touz	DET	tout
malez	VERB	maler
voides	ADJ	voidier
et	CCONJ	et
toutz	DET	tout
vicez	NOUN	vice
,	PUNCT	,
et	CCONJ	et
empli	NOUN	empli
de	ADP	de
toute	DET	tout
charité	NOUN	charité
et	CCONJ	et
touz	DET	tout
biens	NOUN	bien
,	PUNCT	,
siqe	NOUN	siec
le	DET	le
diable	NOUN	dïable
se	PRON	se
puisse	VERB	pöoir
doler	ADJ	doler
de	ADP	de
moy	PRON	moi
et	CCONJ	et
nient	ADV	néant
rejoier	VERB	rejoire
.	PUNCT	.
Et	CCONJ	et
les	DET	le
grantes	ADJ	grant
biens	NOUN	bien
qe	SCONJ	que
en	ADP	en
nostre	DET	notre
douce	ADJ	doux
Dame	NOUN	dame
estoient	VERB	estre
et	CCONJ	et
sont	VERB	estre
,	PUNCT	,
et	CCONJ	et
la	DET	le
nette	ADJ	nattre
et	CCONJ	et
bone	ADJ	bon
vie	NOUN	vie
,	PUNCT	,
me	PRON	je
soient	VERB	estre
par	ADP	par
vostre	DET	vostre
grace	NOUN	grace
eidantz	NOUN	adiant
de	ADP	de
ma	DET	mon
vie	NOUN	vie
si	ADV	si
governer	VERB	governer
qe	SCONJ	que
jeo	PRON	je
puisse	VERB	pöoir
auqes	ADP	auques
amender	VERB	amender
les	DET	le
grandes	ADJ	grand
defautes	NOUN	défaute
du	ADP.DET	de.le
temps	NOUN	temps
passee	NOUN	passer
.	PUNCT	.
Et	CCONJ	et
,	PUNCT	,
tresdouce	NOUN	doux
Dame	NOUN	dame
,	PUNCT	,
ausi	ADV	aussi
voille	NOUN	voloir
jeo	PRON	je
a	ADP	a
voz	DET	vostre
acompaignier	VERB	acompaginer
la	DET	le
bone	ADJ	bon
vie	NOUN	vie
de	ADP	de
seyntz	NOUN	saint
martirs	NOUN	martir
,	PUNCT	,
confessours	NOUN	confesser
et	CCONJ	et
virges	NOUN	virge
,	PUNCT	,
pur	ADP	pour
moy	PRON	moi
eider	VERB	aidier
si	ADV	si
a	ADP	a
governer	VERB	governer
qe	SCONJ	que
jeo	PRON	je
puisse	VERB	pöoir
ou	CCONJ	ou
voz	DET	vostre
et	CCONJ	et
eaux	NOUN	eux
en	ADP	en
la	DET	le
joie	NOUN	joie
de	ADP	de
paradis	NOUN	paradis
estre	VERB	estre
rejoiés	VERB	rejerier
pardurablement	NOUN	perdurable
.	PUNCT	.
Et	CCONJ	et
apres	ADV	après
de	ADP	de
la	DET	le
seinteté	NOUN	sainté
et	CCONJ	et
oreisons	NOUN	oraison
de	ADP	de
voz	DET	vostre
,	PUNCT	,
douce	ADJ	doux
Dame	NOUN	dame
,	PUNCT	,
ou	CCONJ	ou
les	DET	le
seintes	VERB	saint
prieres	NOUN	priier
et	CCONJ	et
almoignes	NOUN	alermont
de	ADP	de
prodhommes	NOUN	promdé
et	CCONJ	et
femmes	NOUN	femme
avant	ADV	avant
ditz	NOUN	dire
,	PUNCT	,
jeo	PRON	je
supplie	VERB	supple
humblement	ADV	humblement
et	CCONJ	et
de	ADP	de
coer	NOUN	coer
,	PUNCT	,
beaux	ADJ	beau
Sirez	NOUN	sire
Dieux	PROPN	dieu
,	PUNCT	,
a	ADP	a
vostre	DET	vostre
pité	NOUN	pité
,	PUNCT	,
qe	SCONJ	que
toutz	DET	tout
celles	DET	cil
bontés	NOUN	bonté
et	CCONJ	et
parfitz	ADJ	parfoit
charitez	NOUN	charité
me	PRON	je
soient	VERB	estre
condusours	NOUN	condure
et	CCONJ	et
guydes	NOUN	guide
de	ADP	de
moy	PRON	moi
mener	VERB	mener
la	DET	le
droite	ADJ	droit
voie	NOUN	voie
,	PUNCT	,
la	DET	le
dont	PRON	dont
tout	DET	tout
cil	DET	cel
bien	NOUN	bien
viegnont	ADJ	venir
et	CCONJ	et
la	DET	le
ou	CCONJ	ou
il	PRON	il
sont	VERB	estre
alez	VERB	aler
-	PUNCT	-
c'	CCONJ	ce
est	VERB	estre
de	ADP	de
vous	PRON	vous
,	PUNCT	,
douz	ADJ	douz
Sires	NOUN	seignor
,	PUNCT	,
dont	PRON	dont
touz	DET	tout
ly	DET	le
biens	NOUN	bien
viegnent	VERB	venir
et	CCONJ	et
a	ADP	a
voz	DET	vostre
touz	DET	tout
retournont	VERB	retourner
-	PUNCT	-
siqe	NOUN	siec
,	PUNCT	,
tresdouce	NOUN	doux
Sires	NOUN	seignor
,	PUNCT	,
q'	SCONJ	que
il	PRON	il
voz	DET	vostre
plese	NOUN	plaire
ensi	ADV	ainsi
mon	DET	mon
sauf	ADJ	sauf
conduyt	NOUN	conduit
ottroier	NOUN	otordier
,	PUNCT	,
pur	ADP	pour
en	ADP	en
seinte	ADJ	saint
paradis	NOUN	paradis
aler	VERB	aler
seurement	NOUN	sûrement
sanz	ADP	sans
destourber	VERB	détourber
.	PUNCT	.
Et	CCONJ	et
uncore	ADV	oncorer
me	PRON	je
serroit	VERB	estre
bosoigne	NOUN	bosegie
moelt	NOUN	moulet
grante	ADJ	grant
d'	ADP	de
avoir	VERB	avoir
un	DET	un
contrepoys	VERB	contrevoir
pur	ADP	pour
bien	NOUN	bien
contrepoiser	VERB	contrevoire
les	DET	le
grantz	ADJ	grant
mals	NOUN	mal
et	CCONJ	et
vils	NOUN	vil
pecchez	NOUN	peché
qe	SCONJ	que
j'	PRON	je
ai	VERB	avoir
fait	VERB	faire
quant	SCONJ	cant
ils	PRON	il
serront	VERB	estre
en	ADP	en
la	DET	le
balance	ADJ	balancier
.	PUNCT	.
A	ADP	a
!	PUNCT	!
Dieux	PROPN	dieu
!	PUNCT	!
Qe	SCONJ	que
petit	ADJ	petit
est	VERB	estre
le	DET	le
contrepois	VERB	contrevois
de	ADP	de
nul	DET	nul
bien	NOUN	bien
qe	SCONJ	que
jeo	PRON	je
unqes	DET	onque
fiz	NOUN	fils
!	PUNCT	!
Allas	PROPN	aller
!	PUNCT	!
Qe	SCONJ	que
purray	VERB	pouvoir
jeo	PRON	je
faire	VERB	faire
donqes	ADV	donc
si	ADV	si
jeo	PRON	je
n'	ADV	ne
eie	NOUN	ai
,	PUNCT	,
tresdouce	NOUN	doux
Sires	NOUN	seignor
,	PUNCT	,
de	ADP	de
vostre	DET	vostre
mercy	NOUN	merci
un	DET	un
grante	ADJ	grant
pois	NOUN	peise
et	CCONJ	et
qe	SCONJ	que
nostre	DET	notre
douce	ADJ	doux
Dame	NOUN	dame
me	PRON	je
vousist	VERB	voloir
mettre	VERB	mettre
en	ADP	en
la	DET	le
balance	ADJ	balancier
,	PUNCT	,
contre	ADP	contre
mes	DET	mais
mals	NOUN	mal
,	PUNCT	,
les	DET	le
grandes	ADJ	grand
peynes	NOUN	peine
et	CCONJ	et
tourmentz	VERB	tourment
q'	SCONJ	que
elle	PRON	elle
soeffri	VERB	sofrir
pur	ADP	pour
l'	DET	le
amour	NOUN	amour
de	ADP	de
voz	DET	vostre
et	CCONJ	et
tresgrande	NOUN	restrande
martire	NOUN	martire
de	ADP	de
dolour	NOUN	dolor
,	PUNCT	,
et	CCONJ	et
le	DET	le
martirement	NOUN	marterinement
de	ADP	de
touz	DET	tout
les	DET	le
seintez	NOUN	sainté
martirs	NOUN	martir
-	PUNCT	-
tout	DET	tout
est	VERB	estre
bosoigne	NOUN	bosegie
-	PUNCT	-
et	CCONJ	et
de	ADP	de
ces	DET	ce
parfitz	ADJ	parfoit
confessours	NOUN	confesser
ou	CCONJ	ou
les	DET	le
benoites	NOUN	benëir
virges	NOUN	virge
et	CCONJ	et
seintes	VERB	saint
veves	NOUN	voivre
lour	DET	lour
tourment	NOUN	tourment
et	CCONJ	et
peynes	NOUN	peine
de	ADP	de
corps	NOUN	corps
q'	SCONJ	que
ils	PRON	il
soeffrirent	VERB	sofrir
ou	CCONJ	ou
soeffrent	VERB	sofrir
,	PUNCT	,
si	ADV	si
nul	DET	nul
ore	NOUN	ore
soit	VERB	estre
,	PUNCT	,
pur	ADP	pour
l'	DET	le
amour	NOUN	amour
de	ADP	de
voz	DET	vostre
,	PUNCT	,
tresdouz	DET	troudse
Sires	NOUN	seignor
,	PUNCT	,
come	SCONJ	come
en	ADP	en
veilles	NOUN	vieille
,	PUNCT	,
en	ADP	en
junes	NOUN	juien
,	PUNCT	,
en	ADP	en
disciplines	NOUN	dispicion
,	PUNCT	,
et	CCONJ	et
en	ADP	en
contreesteant	NOUN	contreement
la	DET	le
mal	NOUN	mal
char	NOUN	char
et	CCONJ	et
lessent	VERB	laissier
lour	DET	lour
volenté	NOUN	volenté
pur	ADP	pour
la	DET	le
vostre	DET	vostre
.	PUNCT	.
Tout	DET	tout
m'	PRON	je
est	VERB	estre
grant	ADJ	grant
mestier	NOUN	mestier
qe	SCONJ	que
jeo	PRON	je
requer	VERB	requerre
qe	SCONJ	que
par	ADP	par
vostre	DET	vostre
mercye	NOUN	mercïer
,	PUNCT	,
douz	ADJ	douz
Sires	NOUN	seignor
,	PUNCT	,
il	PRON	il
voz	DET	vostre
plese	NOUN	plaire
qe	SCONJ	que
toutes	DET	tout
ces	DET	ce
merites	NOUN	merite
soient	VERB	estre
ou	CCONJ	ou
ma	DET	mon
cheitive	ADJ	chaitif
alme	NOUN	alem
et	CCONJ	et
poure	NOUN	pour
,	PUNCT	,
pur	ADP	pour
contrepoiser	VERB	contrevoire
d'	ADP	de
autre	ADJ	autre
part	NOUN	part
mes	DET	mais
pesantz	ADJ	peser
pecchés	NOUN	péché
et	CCONJ	et
les	DET	le
maux	NOUN	mal
qe	SCONJ	que
j'	PRON	je
ai	VERB	avoir
fait	VERB	faire
et	CCONJ	et
facez	VERB	faire
touz	DET	tout
les	DET	le
jours	NOUN	jour
sanz	ADP	sans
poy	NOUN	pöoir
de	ADP	de
abstinence	NOUN	abstencier
ou	CCONJ	ou
desport	NOUN	desport
,	PUNCT	,
sicom	SCONJ	sicomme
tresord	NOUN	tresordre
malveis	ADJ	mauvais
traitre	VERB	traire
et	CCONJ	et
cheitife	ADJ	chaitif
qe	SCONJ	que
jeo	PRON	je
sui	VERB	estre
;	PUNCT	;
et	CCONJ	et
ces	DET	ce
grantz	ADJ	grant
maux	NOUN	mal
serront	VERB	estre
lors	ADV	lors
mult	ADV	moult
pesantz	ADJ	peser
,	PUNCT	,
et	CCONJ	et
les	DET	le
petitz	ADJ	petit
biens	NOUN	bien
moelt	NOUN	moulet
legiers	ADJ	legier
,	PUNCT	,
siqe	NOUN	siec
loialment	ADV	loyalement
,	PUNCT	,
si	ADV	si
elles	PRON	elle
soient	VERB	estre
solonc	NOUN	solont
reson	NOUN	reson
poisez	NOUN	peser
,	PUNCT	,
jeo	PRON	je
perdrai	VERB	perdre
trop	ADV	trop
au	ADP.DET	a.le
poiser	VERB	poiser
.	PUNCT	.
Et	CCONJ	et
pur	ADP	pour
ceo	DET	ce
,	PUNCT	,
tresdouce	NOUN	doux
Sires	NOUN	seignor
,	PUNCT	,
jeo	PRON	je
requere	VERB	requerre
grace	NOUN	grace
,	PUNCT	,
pité	NOUN	pité
et	CCONJ	et
mercie	NOUN	mercïer
par	ADP	par
grace	NOUN	grace
,	PUNCT	,
qe	SCONJ	que
jeo	PRON	je
puisse	VERB	pöoir
ma	DET	mon
vie	NOUN	vie
desore	ADP	desor
governer	VERB	governer
par	ADP	par
l'	DET	le
eide	NOUN	aide
et	CCONJ	et
bon	ADJ	bon
et	CCONJ	et
net	CCONJ	naistre
government	NOUN	govoirement
de	ADP	de
la	DET	le
douz	ADJ	douz
Virge	NOUN	virge
,	PUNCT	,
tant	ADV	tant
com	SCONJ	come
elle	PRON	elle
habita	VERB	habitac
entre	ADP	entre
nous	PRON	nous
,	PUNCT	,
et	CCONJ	et
ensement	ADV	ensement
de	ADP	de
touz	DET	tout
les	DET	le
seintz	ADJ	saint
la	DET	le
bone	ADJ	bon
vie	NOUN	vie
,	PUNCT	,
pur	ADP	pour
moy	PRON	moi
la	DET	le
vie	NOUN	vie
governer	VERB	governer
de	ADP	de
cy	ADV	ci
en	ADP	en
avant	ADV	avant
;	PUNCT	;
car	CCONJ	car
plus	ADV	plus
avoient	VERB	avoir
de	ADP	de
grace	NOUN	grace
qe	SCONJ	que
mestier	NOUN	mestier
ne	ADV	ne
lour	DET	lour
feust	VERB	être
,	PUNCT	,
et	CCONJ	et
jeo	PRON	je
en	ADP	en
ay	VERB	avoir
assez	ADV	assez
meyns	NOUN	moins
qe	SCONJ	que
mestier	NOUN	mestier
ne	ADV	ne
me	PRON	je
serroit	VERB	estre
,	PUNCT	,
car	CCONJ	car
pur	ADP	pour
ma	DET	mon
malveistee	NOUN	mauvaise
mult	ADV	moult
averoie	VERB	avoir
avant	ADV	avant
qe	SCONJ	que
assez	ADV	assez
averoie	VERB	avoir
,	PUNCT	,
et	CCONJ	et
nepurquant	ADV	neurchonde
nul	DET	nul
de	ADP	de
grace	NOUN	grace
ne	ADV	ne
poet	VERB	pöoir
failler	VERB	failler
qe	SCONJ	que
quere	VERB	querre
et	CCONJ	et
requere	VERB	requerre
la	DET	le
voelt	VERB	voloir
,	PUNCT	,
siqe	NOUN	siec
si	ADV	si
jeo	PRON	je
ne	ADV	ne
l'	DET	le
ay	VERB	avoir
,	PUNCT	,
jeo	PRON	je
ne	ADV	ne
puisse	VERB	pöoir
nully	PRON	nul
blamer	VERB	blamer
si	ADV	si
noun	DET	non
moy	PRON	moi
meismez	VERB	metre
cheitive	ADJ	chaitif
.	PUNCT	.
Et	CCONJ	et
pur	ADP	pour
pité	NOUN	pité
,	PUNCT	,
tresdouce	NOUN	doux
Sires	NOUN	seignor
,	PUNCT	,
me	PRON	je
voillietz	NOUN	vouloir
ottroier	NOUN	otordier
le	DET	le
sauf	ADJ	sauf
conduit	NOUN	conduit
qe	SCONJ	que
me	PRON	je
puisse	VERB	pöoir
mener	VERB	mener
la	DET	le
droite	ADJ	droit
voie	NOUN	voie
en	ADP	en
paradis	NOUN	paradis
,	PUNCT	,
car	CCONJ	car
jeo	PRON	je
siu	DET	six
poure	NOUN	pour
mescheant	VERB	meschëoir
qe	SCONJ	que
siu	DET	six
forvoiez	NOUN	forvoiier
,	PUNCT	,
et	CCONJ	et
si	ADV	si
ai	VERB	avoir
jeo	PRON	je
tout	DET	tout
plein	ADJ	plein
des	ADP.DET	de.le
enmys	NOUN	enmet
qe	SCONJ	que
me	PRON	je
gaitent	VERB	gaitier
a	ADP	a
prendre	VERB	prendre
et	CCONJ	et
a	ADP	a
tuer	VERB	tuer
tout	DET	tout
mort	NOUN	mort
et	CCONJ	et
destourber	VERB	détourber
moy	PRON	moi
le	DET	le
chemyn	NOUN	chemin
qe	SCONJ	que
jeo	PRON	je
ne	ADV	ne
voise	NOUN	aler
poynt	VERB	point
.	PUNCT	.
Cestes	DET	cest
enmys	NOUN	enmet
ces	DET	ce
sont	VERB	estre
ciels	NOUN	ciel
de	ADP	de
quels	DET	quel
j'	PRON	je
ai	VERB	avoir
pardevant	NOUN	parfaite
parlee	NOUN	parler
en	ADP	en
autre	ADJ	autre
guyse	NOUN	guise
,	PUNCT	,
et	CCONJ	et
sont	VERB	estre
trois	DET	trois
:	PUNCT	:
la	DET	le
char	NOUN	char
,	PUNCT	,
le	DET	le
monde	NOUN	monde
,	PUNCT	,
et	CCONJ	et
le	DET	le
diable	NOUN	dïable
;	PUNCT	;
si	ADV	si
ces	DET	ce
trois	DET	trois
me	PRON	je
poient	VERB	pointe
happer	NOUN	haper
et	CCONJ	et
prendre	VERB	prendre
,	PUNCT	,
jeo	PRON	je
ne	ADV	ne
sui	VERB	estre
qe	SCONJ	que
mort	NOUN	mort
en	ADP	en
peyne	NOUN	peine
sanz	ADP	sans
fyn	NOUN	fin
.	PUNCT	.
Et	CCONJ	et
c'	CCONJ	ce
est	VERB	estre
un	DET	un
grande	ADJ	grand
destourbement	VERB	détourber
sur	ADP	sur
la	DET	le
voie	NOUN	voie
et	CCONJ	et
mult	ADV	moult
me	PRON	je
fait	VERB	faire
a	ADP	a
douter	VERB	douter
,	PUNCT	,
et	CCONJ	et
pur	ADP	pour
ceo	DET	ce
voz	DET	vostre
requere	VERB	requerre
jeo	PRON	je
,	PUNCT	,
tresdouz	DET	troudse
Jesus	PROPN	jesus
,	PUNCT	,
qe	SCONJ	que
pur	ADP	pour
pité	NOUN	pité
me	PRON	je
voillietz	NOUN	vouloir
ottroier	NOUN	otordier
le	DET	le
conduit	NOUN	conduit
de	ADP	de
les	DET	le
devotez	VERB	devoir
prieres	NOUN	priier
et	CCONJ	et
oreisons	NOUN	oraison
et	CCONJ	et
almoignes	NOUN	alermont
et	CCONJ	et
parfitz	ADJ	parfoit
charitez	NOUN	charité
q'	SCONJ	que
en	ADP	en
vostre	DET	vostre
chere	NOUN	cher
miere	NOUN	mier
estoient	VERB	estre
en	ADP	en
cest	DET	cest
siecle	NOUN	siècle
,	PUNCT	,
et	CCONJ	et
tout	DET	tout
le	DET	le
supplus	NOUN	supler
de	ADP	de
la	DET	le
seinte	ADJ	saint
seintetee	VERB	sainter
q'	SCONJ	que
en	ADP	en
celle	DET	cil
douce	ADJ	doux
Dame	NOUN	dame
seinte	ADJ	saint
estoit	VERB	estre
et	CCONJ	et
en	ADP	en
tous	DET	tout
les	DET	le
seintz	ADJ	saint
et	CCONJ	et
seintes	VERB	saint
,	PUNCT	,
sicom	SCONJ	sicomme
j'	PRON	je
ai	VERB	avoir
requis	VERB	requerre
pardevant	NOUN	parfaite
;	PUNCT	;
et	CCONJ	et
jeo	PRON	je
le	DET	le
requer	VERB	requerre
pur	ADP	pour
ceo	DET	ce
qe	SCONJ	que
si	ADV	si
poure	NOUN	pour
sui	VERB	estre
qe	SCONJ	que
jeo	PRON	je
n'	ADV	ne
ai	VERB	avoir
nul	DET	nul
bien	NOUN	bien
de	ADP	de
qoi	PRON	coi
jeo	PRON	je
me	PRON	je
puisse	VERB	pöoir
meismes	ADJ	même
conduire	VERB	conduire
:	PUNCT	:
c'	CCONJ	ce
est	VERB	estre
a	ADP	a
dire	VERB	dire
qe	SCONJ	que
jeo	PRON	je
n'	ADV	ne
ai	VERB	avoir
nul	DET	nul
estor	NOUN	estor
de	ADP	de
devoutes	VERB	devour
prieres	NOUN	priier
ne	ADV	ne
de	ADP	de
almoignes	NOUN	alermont
ne	ADV	ne
nulle	DET	nul
charitee	VERB	charite
.	PUNCT	.
Et	CCONJ	et
pur	ADP	pour
ceo	DET	ce
,	PUNCT	,
tresdouce	NOUN	doux
Sires	NOUN	seignor
,	PUNCT	,
jeo	PRON	je
voz	DET	vostre
requer	VERB	requerre
en	ADP	en
pité	NOUN	pité
,	PUNCT	,
qe	SCONJ	que
jeo	PRON	je
en	ADP	en
puisse	VERB	pöoir
avoir	VERB	avoir
de	ADP	de
illoqes	DET	illuec
ou	CCONJ	ou
si	ADV	si
grande	ADJ	grand
plenté	NOUN	plenté
en	ADP	en
est	VERB	estre
qe	SCONJ	que
me	PRON	je
puisse	VERB	pöoir
eider	VERB	aidier
qe	SCONJ	que
si	ADV	si
tresgrande	NOUN	restrande
bosoigne	NOUN	bosegie
ai	VERB	avoir
et	CCONJ	et
prendre	VERB	prendre
voillietz	NOUN	vouloir
,	PUNCT	,
tresdouz	DET	troudse
Sires	NOUN	seignor
,	PUNCT	,
de	ADP	de
la	DET	le
ou	CCONJ	ou
plus	ADV	plus
qe	SCONJ	que
assez	ADV	assez
en	ADP	en
a	ADP	a
et	CCONJ	et
mettre	VERB	mettre
la	DET	le
ou	CCONJ	ou
riens	NOUN	rien
n'	ADV	ne
y	ADV	y
a	ADP	a
:	PUNCT	:
c'	CCONJ	ce
est	VERB	estre
en	ADP	en
moy	PRON	moi
cheitif	ADJ	chaitif
,	PUNCT	,
en	ADP	en
qi	PRON	qui
nul	DET	nul
bien	NOUN	bien
n'	ADV	ne
est	VERB	estre
,	PUNCT	,
car	CCONJ	car
si	ADV	si
plein	ADJ	plein
sui	VERB	estre
de	ADP	de
mal	NOUN	mal
qe	SCONJ	que
le	DET	le
bien	NOUN	bien
ne	ADV	ne
poet	VERB	pöoir
poynt	VERB	point
entrer	VERB	entrer
ne	ADV	ne
en	ADP	en
moy	PRON	moi
herberger	VERB	herbergier
;	PUNCT	;
bien	NOUN	bien
averoie	VERB	avoir
donqes	ADV	donc
mestier	NOUN	mestier
de	ADP	de
bones	ADJ	bon
prieres	NOUN	priier
et	CCONJ	et
de	ADP	de
devocions	VERB	devoir
et	CCONJ	et
d'	ADP	de
aumoignes	NOUN	aumône
et	CCONJ	et
de	ADP	de
charité	NOUN	charité
:	PUNCT	:
primes	NOUN	prim
pur	ADP	pour
conduire	VERB	conduire
hors	ADV	hors
de	ADP	de
moy	PRON	moi
les	DET	le
maux	NOUN	mal
q'	SCONJ	que
en	ADP	en
moy	PRON	moi
sont	VERB	estre
;	PUNCT	;
apres	ADV	après
,	PUNCT	,
pur	ADP	pour
conduire	VERB	conduire
einz	ADV	ainz
en	ADP	en
moy	PRON	moi
les	DET	le
biens	NOUN	bien
qe	SCONJ	que
mestier	NOUN	mestier
me	PRON	je
serront	VERB	estre
;	PUNCT	;
et	CCONJ	et
puis	NOUN	puis
,	PUNCT	,
pur	ADP	pour
conduire	VERB	conduire
la	DET	le
dolorouse	NOUN	doloros
alme	NOUN	alem
de	ADP	de
moy	PRON	moi
par	ADP	par
my	NOUN	moi
l'	DET	le
estroite	ADJ	estroit
voie	NOUN	voie
de	ADP	de
purgatoire	NOUN	pourrageurde
en	ADP	en
la	DET	le
joie	NOUN	joie
sanz	ADP	sans
fyn	NOUN	fin
de	ADP	de
paradys	NOUN	paradis
.	PUNCT	.
Tresdouz	PROPN	trefout
Sires	NOUN	seignor
,	PUNCT	,
apres	ADV	après
vostre	DET	vostre
grace	NOUN	grace
et	CCONJ	et
pité	NOUN	pité
,	PUNCT	,
si	ADV	si
me	PRON	je
covient	VERB	covenir
vostre	DET	vostre
douce	ADJ	doux
mercy	NOUN	merci
,	PUNCT	,
pur	ADP	pour
le	DET	le
plus	ADV	plus
anientir	VERB	anetiner
les	DET	le
mals	NOUN	mal
et	CCONJ	et
les	DET	le
ords	NOUN	ord
pecchés	NOUN	péché
qe	SCONJ	que
sont	VERB	estre
en	ADP	en
moy	PRON	moi
,	PUNCT	,
et	CCONJ	et
par	ADP	par
celle	DET	cil
mercy	NOUN	merci
q'	SCONJ	que
ils	PRON	il
soient	VERB	estre
si	ADV	si
degastez	VERB	desgater
et	CCONJ	et
mys	VERB	mettre
a	ADP	a
nient	ADV	néant
q'	SCONJ	que
ils	PRON	il
perdont	NOUN	perdre
grant	ADJ	grant
coup	NOUN	coup
de	ADP	de
lour	DET	lour
poise	VERB	peser
quant	SCONJ	cant
les	DET	le
pesantz	ADJ	peser
mals	NOUN	mal
et	CCONJ	et
les	DET	le
grantz	ADJ	grant
pecchés	NOUN	péché
serront	VERB	estre
mys	VERB	mettre
en	ADP	en
la	DET	le
balance	ADJ	balancier
pur	ADP	pour
poiser	VERB	poiser
contre	ADP	contre
nyent	VERB	nïent
.	PUNCT	.
Car	CCONJ	car
il	PRON	il
n'	ADV	ne
y	ADV	y
a	ADP	a
riens	NOUN	rien
,	PUNCT	,
pur	ADP	pour
dier	VERB	dire
voir	ADJ	voir
,	PUNCT	,
de	ADP	de
bien	NOUN	bien
pur	ADP	pour
contrepoiser	VERB	contrevoire
le	DET	le
mal	NOUN	mal
;	PUNCT	;
pur	ADP	pour
qoi	PRON	coi
,	PUNCT	,
chers	ADJ	cher
Sires	NOUN	seignor
,	PUNCT	,
jeo	PRON	je
voz	DET	vostre
ay	VERB	avoir
cy	ADV	ci
devant	ADP	devant
requis	VERB	requerre
,	PUNCT	,
et	CCONJ	et
voz	DET	vostre
uncore	ADV	oncorer
requere	VERB	requerre
,	PUNCT	,
qe	SCONJ	que
de	ADP	de
vostre	DET	vostre
douce	ADJ	doux
mercy	NOUN	merci
il	PRON	il
voz	DET	vostre
pleust	ADJ	plaire
qe	SCONJ	que
jeo	PRON	je
voz	DET	vostre
puisse	VERB	pöoir
avoir	VERB	avoir
en	ADP	en
eide	NOUN	aide
de	ADP	de
moy	PRON	moi
,	PUNCT	,
pur	ADP	pour
poiser	VERB	poiser
contre	ADP	contre
le	DET	le
mal	NOUN	mal
les	DET	le
tourmentz	VERB	tourment
et	CCONJ	et
peynes	NOUN	peine
qe	SCONJ	que
vostre	DET	vostre
tresdouce	NOUN	doux
mier	ADJ	mier
soeffri	VERB	sofrir
pur	ADP	pour
l'	DET	le
amour	NOUN	amour
de	ADP	de
voz	DET	vostre
en	ADP	en
cest	DET	cest
vie	NOUN	vie
,	PUNCT	,
et	CCONJ	et
ausi	ADV	aussi
de	ADP	de
seintz	ADJ	saint
et	CCONJ	et
seintes	VERB	saint
qe	SCONJ	que
pur	ADP	pour
voz	DET	vostre
,	PUNCT	,
Sire	NOUN	seignor
,	PUNCT	,
endurerent	VERB	endurer
meynt	ADJ	metre
passion	NOUN	passer
,	PUNCT	,
tourmentz	VERB	tourment
et	CCONJ	et
peynes	NOUN	peine
,	PUNCT	,
plus	ADV	plus
qe	SCONJ	que
mestier	NOUN	mestier
ne	ADV	ne
lour	DET	lour
feust	VERB	être
,	PUNCT	,
pur	ADP	pour
poiser	VERB	poiser
contre	ADP	contre
lez	DET	lez
maux	NOUN	mal
;	PUNCT	;
et	CCONJ	et
especialment	NOUN	espécialmement
celle	DET	cil
douce	ADJ	doux
Dame	NOUN	dame
,	PUNCT	,
la	DET	le
qel	DET	que
soeffri	VERB	sofrir
tant	ADV	tant
de	ADP	de
peynes	NOUN	peine
et	CCONJ	et
fist	VERB	faire
tant	ADV	tant
de	ADP	de
penancez	NOUN	pener
aspres	NOUN	aspre
et	CCONJ	et
unqes	DET	onque
nul	DET	nul
mal	NOUN	mal
,	PUNCT	,
siqe	NOUN	siec
jeo	PRON	je
sai	VERB	savoir
bien	NOUN	bien
qe	SCONJ	que
le	DET	le
surplus	NOUN	surplus
estoit	VERB	estre
pur	ADP	pour
noz	DET	notre
eider	VERB	aidier
,	PUNCT	,
qe	SCONJ	que
si	ADV	si
grant	ADJ	grant
mestier	NOUN	mestier
en	ADP	en
avons	VERB	avoir
de	ADP	de
bon	ADJ	bon
pois	NOUN	peise
pur	ADP	pour
contrepoiser	VERB	contrevoire
noz	DET	notre
mals	NOUN	mal
.	PUNCT	.
Et	CCONJ	et
jeo	PRON	je
voz	DET	vostre
prie	VERB	priier
,	PUNCT	,
tresdouce	NOUN	doux
Sires	NOUN	seignor
,	PUNCT	,
q'	SCONJ	que
ensi	ADV	ainsi
poet	VERB	pöoir
il	PRON	il
estre	VERB	estre
.	PUNCT	.
Ore	NOUN	or
,	PUNCT	,
tresdouz	DET	troudse
Sire	NOUN	seignor
Jhesus	PROPN	jesus
,	PUNCT	,
jeo	PRON	je
voz	DET	vostre
ai	VERB	avoir
requis	VERB	requerre
et	CCONJ	et
de	ADP	de
coer	NOUN	coer
voz	DET	vostre
requer	VERB	requerre
,	PUNCT	,
qe	SCONJ	que
de	ADP	de
vostre	DET	vostre
bone	ADJ	bon
grace	NOUN	grace
jeo	PRON	je
soi	PRON	soi
ensi	ADV	ainsi
governez	VERB	governez
com	SCONJ	come
jeo	PRON	je
voz	DET	vostre
ai	VERB	avoir
cy	ADV	ci
devant	ADP	devant
suppliez	VERB	supple-dion
et	CCONJ	et
par	ADP	par
vostre	DET	vostre
tresseinte	NOUN	tressenir
pité	NOUN	pité
,	PUNCT	,
qe	SCONJ	que
jeo	PRON	je
soie	NOUN	estre
puis	NOUN	puis
apres	ADV	après
sauvement	NOUN	sauvement
conduitz	NOUN	conduit
sicomme	SCONJ	sicme
pardevant	NOUN	parfaite
divisé	NOUN	diviser
est	VERB	estre
,	PUNCT	,
s'	DET	soi
il	PRON	il
vous	PRON	vous
plest	NOUN	plaire
,	PUNCT	,
beau	ADJ	beau
Sire	NOUN	seignor
Diex	PROPN	dieu
.	PUNCT	.
Et	CCONJ	et
par	ADP	par
vostre	DET	vostre
douz	ADJ	douz
mercy	NOUN	merci
qe	SCONJ	que
jeo	PRON	je
puisse	VERB	pöoir
avoir	VERB	avoir
le	DET	le
seinte	ADJ	saint
pois	NOUN	peise
en	ADP	en
balance	ADJ	balancier
qe	SCONJ	que
dit	VERB	dire
est	VERB	estre
,	PUNCT	,
pur	ADP	pour
contrepoiser	VERB	contrevoire
mes	DET	mais
grantz	ADJ	grant
pecchés	NOUN	péché
.	PUNCT	.
Et	CCONJ	et
,	PUNCT	,
douce	ADJ	doux
Sir	NOUN	seignor
,	PUNCT	,
bien	NOUN	bien
averoie	VERB	avoir
grant	ADJ	grant
mestier	NOUN	mestier
de	ADP	de
touz	DET	tout
les	DET	le
eides	NOUN	aidier
et	CCONJ	et
favours	NOUN	favour
qe	SCONJ	que
avoir	VERB	avoir
puisse	VERB	pöoir
,	PUNCT	,
pur	ADP	pour
la	DET	le
bosoigne	NOUN	bosegie
q'	SCONJ	que
est	VERB	estre
si	ADV	si
grande	ADJ	grand
;	PUNCT	;
siqe	NOUN	siec
,	PUNCT	,
tresdouz	DET	troudse
Sires	NOUN	seignor
,	PUNCT	,
jeo	PRON	je
voz	DET	vostre
prie	VERB	priier
qe	SCONJ	que
de	ADP	de
vostre	DET	vostre
bone	ADJ	bon
volenté	NOUN	volenté
jeo	PRON	je
puisse	VERB	pöoir
trover	VERB	trover
grace	NOUN	grace
et	CCONJ	et
favour	NOUN	favour
en	ADP	en
la	DET	le
balancer	VERB	balancier
-	PUNCT	-
c'	CCONJ	ce
est	VERB	estre
le	DET	le
tresseint	VERB	tressendre
Angele	NOUN	angele
Seint	ADJ	saint
Michel	PROPN	michel
-	PUNCT	-
et	CCONJ	et
qi	PRON	qui
jeo	PRON	je
le	DET	le
puisse	VERB	pöoir
en	ADP	en
cest	DET	cest
vie	NOUN	vie
ascune	VERB	ascue
poure	NOUN	pour
service	NOUN	service
faire	VERB	faire
,	PUNCT	,
siqe	NOUN	siec
il	PRON	il
me	PRON	je
soit	VERB	estre
le	DET	le
plus	ADV	plus
favorables	NOUN	favorable
et	CCONJ	et
eidant	VERB	aidier
a	ADP	a
ma	DET	mon
grande	ADJ	grand
bosoigne	NOUN	bosegie
quant	SCONJ	cant
ma	DET	mon
cheitive	ADJ	chaitif
alme	NOUN	alem
,	PUNCT	,
si	ADV	si
mal	NOUN	mal
estuffee	VERB	estoffer
de	ADP	de
nul	DET	nul
bien	NOUN	bien
,	PUNCT	,
serra	VERB	serrer
poisee	NOUN	peser
contre	ADP	contre
tant	ADV	tant
de	ADP	de
mals	NOUN	mal
et	CCONJ	et
de	ADP	de
si	ADV	si
pesantz	ADJ	peser
pecchés	NOUN	péché
.	PUNCT	.
Alas	PROPN	aller
!	PUNCT	!
Qi	PRON	qui
ferra	VERB	ferrer
elle	PRON	elle
,	PUNCT	,
si	ADV	si
ne	ADV	ne
trove	VERB	trover
en	ADP	en
cele	DET	cel
courte	VERB	courte
plus	ADV	plus
de	ADP	de
favour	NOUN	favour
qe	SCONJ	que
de	ADP	de
droit	ADJ	droit
?	PUNCT	?
Certes	ADV	certes
,	PUNCT	,
pouerement	NOUN	pouvoir
.	PUNCT	.
Et	CCONJ	et
pur	ADP	pour
ceo	DET	ce
prie	VERB	priier
jeo	PRON	je
a	ADP	a
voz	DET	vostre
,	PUNCT	,
mon	DET	mon
douz	ADJ	douz
Seignur	NOUN	seigneur
,	PUNCT	,
de	ADP	de
vostre	DET	vostre
grace	NOUN	grace
,	PUNCT	,
pité	NOUN	pité
et	CCONJ	et
mercy	NOUN	merci
,	PUNCT	,
eide	NOUN	aide
et	CCONJ	et
favour	NOUN	favour
de	ADP	de
tous	DET	tout
voz	DET	vostre
ministres	NOUN	mintire
en	ADP	en
paradis	NOUN	paradis
-	PUNCT	-
c'	CCONJ	ce
est	VERB	estre
de	ADP	de
nostre	DET	notre
douce	ADJ	doux
Dame	NOUN	dame
et	CCONJ	et
puis	NOUN	puis
de	ADP	de
touz	DET	tout
les	DET	le
seintz	ADJ	saint
et	CCONJ	et
seintes	VERB	saint
qe	SCONJ	que
ont	VERB	avoir
l'	DET	le
office	NOUN	office
en	ADP	en
celle	DET	cil
court	NOUN	cour
pur	ADP	pour
supplier	NOUN	supplier
et	CCONJ	et
require	VERB	requerre
pur	ADP	pour
les	DET	le
cheitifs	ADJ	chaitif
de	ADP	de
cest	DET	cest
monde	NOUN	monde
;	PUNCT	;
de	ADP	de
qoi	PRON	coi
,	PUNCT	,
douz	ADJ	douz
Sires	NOUN	seignor
,	PUNCT	,
j'	PRON	je
ai	VERB	avoir
grande	ADJ	grand
bosoigne	NOUN	bosegie
de	ADP	de
cele	DET	cel
eide	NOUN	aide
,	PUNCT	,
et	CCONJ	et
q'	SCONJ	que
ils	PRON	il
facent	VERB	faire
bien	NOUN	bien
et	CCONJ	et
diligeaument	NOUN	dilmement
lour	DET	lour
office	NOUN	office
pur	ADP	pour
moy	PRON	moi
-	PUNCT	-
c'	CCONJ	ce
est	VERB	estre
q'	SCONJ	que
ils	PRON	il
requeront	VERB	requerre
soignousement	NOUN	soignommenon
pur	ADP	pour
moy	PRON	moi
q'	SCONJ	que
il	PRON	il
voz	DET	vostre
plese	NOUN	plaire
,	PUNCT	,
tresdouce	NOUN	doux
Sires	NOUN	seignor
,	PUNCT	,
de	ADP	de
vostre	DET	vostre
bone	ADJ	bon
grace	NOUN	grace
avoir	VERB	avoir
pité	NOUN	pité
de	ADP	de
moy	PRON	moi
et	CCONJ	et
de	ADP	de
ma	DET	mon
cheitive	ADJ	chaitif
alme	NOUN	alem
quant	SCONJ	cant
elle	PRON	elle
serra	VERB	serrer
departie	VERB	departir
del	ADP.DET	de.le
orde	NOUN	ord
et	CCONJ	et
vil	ADJ	vil
puant	VERB	pouvoir
corps	NOUN	corps
,	PUNCT	,
et	CCONJ	et
la	DET	le
prendre	VERB	prendre
tout	DET	tout
en	ADP	en
vostre	DET	vostre
douce	ADJ	doux
mercy	NOUN	merci
.	PUNCT	.
Et	CCONJ	et
ore	NOUN	ore
face	VERB	faire
jeo	PRON	je
de	ADP	de
cest	DET	cest
petit	ADJ	petit
livre	NOUN	livre
fyn	NOUN	fin
.	PUNCT	.
Si	ADV	si
prie	VERB	priier
au	ADP.DET	a.le
Roy	NOUN	roi
qi	PRON	qui
regne	NOUN	renge
sanz	ADP	sans
fyn	NOUN	fin
,	PUNCT	,
q'	SCONJ	que
il	PRON	il
noz	DET	notre
meigne	ADJ	meigne
a	ADP	a
la	DET	le
joie	NOUN	joie
qe	SCONJ	que
dure	ADJ	dur
sanz	ADP	sans
fyne	NOUN	finer
.	PUNCT	.
Amen	NOUN	amener
!	PUNCT	!
Jeo	PRON	je
me	PRON	je
recomank	VERB	recomencier
et	CCONJ	et
souzmette	NOUN	sotement
du	ADP.DET	de.le
tout	DET	tout
et	CCONJ	et
touz	DET	tout
mes	DET	mais
amis	NOUN	ami
vifs	ADJ	vif
et	CCONJ	et
mors	NOUN	mors
et	CCONJ	et
touz	DET	tout
crestiens	NOUN	crestiien
en	ADP	en
la	DET	le
pité	NOUN	pité
,	PUNCT	,
mercy	NOUN	merci
et	CCONJ	et
grace	NOUN	grace
de	ADP	de
la	DET	le
tresseinte	NOUN	tressenir
Trinitee	PROPN	trinietre
,	PUNCT	,
c'	CCONJ	ce
est	VERB	estre
a	ADP	a
dire	VERB	dire
en	ADP	en
la	DET	le
pité	NOUN	pité
de	ADP	de
puissant	ADJ	poissant
Pier	PROPN	pier
,	PUNCT	,
en	ADP	en
la	DET	le
mercy	NOUN	merci
de	ADP	de
Filtz	NOUN	filt
pleyn	ADJ	plein
de	ADP	de
sens	NOUN	sens
et	CCONJ	et
de	ADP	de
conseil	NOUN	conseil
,	PUNCT	,
et	CCONJ	et
en	ADP	en
la	DET	le
bone	ADJ	bon
grace	NOUN	grace
de	ADP	de
Seint	ADJ	saint
Espirist	NOUN	esprit
en	ADP	en
qi	PRON	qui
est	VERB	estre
et	CCONJ	et
nest	VERB	naistre
toute	DET	tout
bone	ADJ	bon
grace	NOUN	grace
.	PUNCT	.
Et	CCONJ	et
ceaux	ADJ	cela
trois	DET	trois
sont	VERB	estre
tout	DET	tout
une	DET	un
en	ADP	en
le	DET	le
Seinte	ADJ	saint
Trinité	NOUN	trinité
ou	CCONJ	ou
toutez	DET	tout
lour	DET	lour
vertues	NOUN	vertu
,	PUNCT	,
a	ADP	a
qi	PRON	qui
jeo	PRON	je
me	PRON	je
recomank	VERB	recomencier
corps	NOUN	corps
et	CCONJ	et
alme	NOUN	alem
com	SCONJ	come
devant	ADP	devant
est	VERB	estre
dit	VERB	dire
.	PUNCT	.
Et	CCONJ	et
si	ADV	si
prie	VERB	priier
a	ADP	a
touz	DET	tout
ceaux	ADJ	cela
qe	SCONJ	que
cest	DET	cest
petit	ADJ	petit
livre	NOUN	livre
lirront	VERB	larron
ou	CCONJ	ou
orront	VERB	ouïr
lire	NOUN	lire
,	PUNCT	,
q'	SCONJ	que
il	PRON	il
lour	DET	lour
plese	NOUN	plaire
par	ADP	par
seinte	ADJ	saint
charité	NOUN	charité
de	ADP	de
requere	VERB	requerre
et	CCONJ	et
prier	VERB	priier
pur	ADP	pour
moy	PRON	moi
la	DET	le
haute	ADJ	haut
Reigne	PROPN	resne
du	ADP.DET	de.le
ciel	NOUN	ciel
,	PUNCT	,
q'	SCONJ	que
elle	PRON	elle
voille	NOUN	voloir
par	ADP	par
sa	DET	son
grande	ADJ	grand
bonté	NOUN	bonté
et	CCONJ	et
parfite	NOUN	parfoit
humilité	NOUN	humilité
supplier	NOUN	supplier
doucement	NOUN	doucement
de	ADP	de
coer	NOUN	coer
son	DET	son
benoit	VERB	benoiier
trescher	VERB	treschier
filz	NOUN	fil
,	PUNCT	,
q'	SCONJ	que
il	PRON	il
me	PRON	je
pardoynt	NOUN	pardoner
mes	DET	mais
pecchés	NOUN	péché
et	CCONJ	et
me	PRON	je
doyne	NOUN	doner
poair	VERB	pöoir
,	PUNCT	,
sens	NOUN	sens
et	CCONJ	et
grace	NOUN	grace
de	ADP	de
ma	DET	mon
vie	NOUN	vie
desoremes	VERB	desormer
si	ADV	si
governer	VERB	governer
qe	SCONJ	que
apres	ADV	après
cest	DET	cest
court	NOUN	cour
vie	NOUN	vie
jeo	PRON	je
puisse	VERB	pöoir
vivre	VERB	vivre
sanz	ADP	sans
enuye	VERB	enoiier
en	ADP	en
la	DET	le
joiouse	NOUN	joios
vie	NOUN	vie
ou	CCONJ	ou
vivent	VERB	vivre
les	DET	le
seintz	ADJ	saint
vivantz	NOUN	vivre
.	PUNCT	.
Et	CCONJ	et
pur	ADP	pour
touz	DET	tout
q'	SCONJ	que
ensi	ADV	ainsi
prieront	VERB	priier
pur	ADP	pour
moy	PRON	moi
,	PUNCT	,
jeo	PRON	je
requere	VERB	requerre
et	CCONJ	et
supplie	VERB	supple
ensement	ADV	ensement
,	PUNCT	,
pur	ADP	pour
eaux	NOUN	eux
en	ADP	en
especial	ADJ	espécial
et	CCONJ	et
pur	ADP	pour
touz	DET	tout
en	ADP	en
general	NOUN	genail
,	PUNCT	,
qe	SCONJ	que
celle	DET	cil
nostre	DET	notre
douce	ADJ	doux
Dame	NOUN	dame
se	PRON	se
voille	NOUN	voloir
tant	ADV	tant
humilier	NOUN	humilier
pur	ADP	pour
noz	DET	notre
envers	ADP	envers
son	DET	son
douz	ADJ	douz
filz	NOUN	fil
,	PUNCT	,
qe	SCONJ	que
a	ADP	a
sa	DET	son
douce	ADJ	doux
requeste	NOUN	requête
il	PRON	il
eit	VERB	aidier
mercy	NOUN	merci
de	ADP	de
nous	PRON	nous
touz	DET	tout
.	PUNCT	.
Amen	NOUN	amener
.	PUNCT	.
Et	CCONJ	et
si	ADV	si
riens	NOUN	rien
soit	VERB	estre
en	ADP	en
cest	DET	cest
petit	ADJ	petit
livre	NOUN	livre
escrit	NOUN	écrit
qe	SCONJ	que
puisse	VERB	pöoir
plere	NOUN	plaire
a	ADP	a
la	DET	le
Seinte	ADJ	saint
Trinité	NOUN	trinité
,	PUNCT	,
a	ADP	a
nostre	DET	notre
Dame	NOUN	dame
ou	CCONJ	ou
a	ADP	a
nul	DET	nul
de	ADP	de
seintz	ADJ	saint
de	ADP	de
paradys	NOUN	paradis
,	PUNCT	,
benoit	VERB	benoiier
soit	VERB	estre
Dieux	PROPN	dieu
tout	DET	tout
puissant	ADJ	poissant
,	PUNCT	,
plein	ADJ	plein
de	ADP	de
sens	NOUN	sens
et	CCONJ	et
de	ADP	de
grace	NOUN	grace
,	PUNCT	,
car	CCONJ	car
de	ADP	de
sa	DET	son
tresgrande	NOUN	restrande
bonté	NOUN	bonté
vient	VERB	venir
.	PUNCT	.
Et	CCONJ	et
si	ADV	si
riens	NOUN	rien
soit	VERB	estre
a	ADP	a
contraire	ADJ	contraire
,	PUNCT	,
de	ADP	de
moy	PRON	moi
et	CCONJ	et
de	ADP	de
malveistee	NOUN	mauvaise
demesne	ADJ	demener
vient	VERB	venir
,	PUNCT	,
en	ADP	en
qi	PRON	qui
n'	ADV	ne
ad	VERB	avoir
poair	VERB	pöoir
,	PUNCT	,
sen	DET	son
ne	ADV	ne
grace	NOUN	grace
de	ADP	de
nul	DET	nul
bien	NOUN	bien
affaire	NOUN	affaire
,	PUNCT	,
s'	DET	soi
il	PRON	il
ne	ADV	ne
viegne	VERB	venir
de	ADP	de
Celuy	DET	cil
en	ADP	en
qi	PRON	qui
touz	DET	tout
biens	NOUN	bien
sont	VERB	estre
-	PUNCT	-
c'	CCONJ	ce
est	VERB	estre
soulement	ADV	solommer
de	ADP	de
Dieux	PROPN	dieu
-	PUNCT	-
,	PUNCT	,
siqe	NOUN	siec
si	ADV	si
nul	DET	nul
bien	NOUN	bien
y	ADV	y
soit	VERB	estre
,	PUNCT	,
loons	NOUN	louer
Celuy	DET	cil
qi	PRON	qui
par	ADP	par
reson	NOUN	reson
doit	VERB	devoir
estre	VERB	estre
loez	VERB	louer
;	PUNCT	;
et	CCONJ	et
si	ADV	si
autrement	ADV	autrement
est	VERB	estre
,	PUNCT	,
blamons	NOUN	blamme
celuy	DET	cil
qe	SCONJ	que
a	ADP	a
blamer	VERB	blamer
est	VERB	estre
.	PUNCT	.
Et	CCONJ	et
j'	PRON	je
ai	VERB	avoir
esperance	NOUN	espérance
a	ADP	a
Dieux	PROPN	dieu
qe	SCONJ	que
,	PUNCT	,
par	ADP	par
l'	DET	le
amendement	NOUN	amendement
d'	ADP	de
ascuns	VERB	ascu
sages	ADJ	sage
qe	SCONJ	que
purroit	VERB	pouvoir
veoir	VERB	vëoir
ou	CCONJ	ou
oier	VERB	oire
cest	DET	cest
livre	NOUN	livre
,	PUNCT	,
par	ADP	par
ceo	DET	ce
qe	SCONJ	que
,	PUNCT	,
si	ADV	si
Dieux	PROPN	dieu
plest	NOUN	plaire
,	PUNCT	,
ils	PRON	il
ajousteront	VERB	ajoutrer
et	CCONJ	et
ousteront	VERB	ostore
,	PUNCT	,
qe	SCONJ	que
ascuns	VERB	ascu
en	ADP	en
front	NOUN	front
lour	DET	lour
profit	NOUN	profit
a	ADP	a
l'	DET	le
alme	NOUN	alem
par	ADP	par
lier	NOUN	liier
ou	CCONJ	ou
par	ADP	par
l'	DET	le
oier	VERB	oire
.	PUNCT	.
Et	CCONJ	et
ensi	ADV	ainsi
Dieux	PROPN	dieu
le	DET	le
doynt	VERB	doner
par	ADP	par
sa	DET	son
grace	NOUN	grace
,	PUNCT	,
et	CCONJ	et
moy	PRON	moi
come	SCONJ	come
le	DET	le
primer	VERB	prime
escriveyn	NOUN	escrïer
et	CCONJ	et
touz	DET	tout
ceaux	ADJ	cela
qe	SCONJ	que
en	ADP	en
apres	ADV	après
l'	DET	le
escriveront	VERB	écrire
,	PUNCT	,
Dieux	PROPN	dieu
le	DET	le
noz	DET	notre
doynt	VERB	doner
ensi	ADV	ainsi
faire	VERB	faire
et	CCONJ	et
acomplir	VERB	accomplir
qe	SCONJ	que
noz	DET	notre
eions	VERB	ainz
paradys	NOUN	paradis
a	ADP	a
nostre	DET	notre
loer	VERB	lore
.	PUNCT	.
Amen	NOUN	amener
!	PUNCT	!
Par	ADP	par
trois	DET	trois
choses	NOUN	chose
me	PRON	je
puisse	VERB	pöoir
jeo	PRON	je
resonablement	NOUN	réconsembrer
escuser	VERB	escurer
de	ADP	de
defautes	NOUN	défaute
de	ADP	de
cest	DET	cest
livre	NOUN	livre
:	PUNCT	:
l'	DET	le
une	DET	un
est	VERB	estre
qe	SCONJ	que
jeo	PRON	je
n'	ADV	ne
ai	VERB	avoir
pas	NOUN	pas
le	DET	le
sen	DET	son
de	ADP	de
moy	PRON	moi
entremettre	VERB	entremetre
de	ADP	de
haut	ADJ	haut
chose	NOUN	chose
;	PUNCT	;
l'	DET	le
autre	ADJ	autre
si	ADV	si
est	VERB	estre
,	PUNCT	,
si	ADV	si
le	DET	le
franceis	NOUN	france
ne	ADV	ne
soit	VERB	estre
pas	NOUN	pas
bon	ADJ	bon
,	PUNCT	,
jeo	PRON	je
doie	VERB	devoir
estre	VERB	estre
escusee	NOUN	écue
,	PUNCT	,
pur	ADP	pour
ceo	DET	ce
qe	SCONJ	que
jeo	PRON	je
sui	VERB	estre
engleis	NOUN	anglais
et	CCONJ	et
n'	ADV	ne
ai	VERB	avoir
pas	NOUN	pas
moelt	NOUN	moulet
hauntee	NOUN	hauntent
le	DET	le
franceis	NOUN	france
;	PUNCT	;
la	DET	le
tierce	NOUN	tierce
chose	NOUN	chose
est	VERB	estre
qe	SCONJ	que
jeo	PRON	je
ne	ADV	ne
sui	VERB	estre
pas	NOUN	pas
bon	ADJ	bon
escryvene	NOUN	escrïence
,	PUNCT	,
car	CCONJ	car
unqes	DET	onque
ne	ADV	ne
l'	DET	le
apris	VERB	aprendre
forsqe	NOUN	fors
tard	ADV	tard
,	PUNCT	,
de	ADP	de
moy	PRON	moi
meismes	ADJ	même
.	PUNCT	.
Siqe	NOUN	siec
par	ADP	par
ces	DET	ce
trois	DET	trois
chosez	NOUN	choset
il	PRON	il
me	PRON	je
semble	NOUN	sembler
qe	SCONJ	que
jeo	PRON	je
puisse	VERB	pöoir
escuser	VERB	escurer
les	DET	le
defautez	VERB	défaute
de	ADP	de
cest	DET	cest
livre	NOUN	livre
et	CCONJ	et
moy	PRON	moi
.	PUNCT	.
Et	CCONJ	et
trois	DET	trois
choses	NOUN	chose
,	PUNCT	,
sur	ADP	sur
l'	DET	le
esperance	NOUN	espérance
qe	SCONJ	que
jeo	PRON	je
avoie	VERB	avoir
en	ADP	en
la	DET	le
grace	NOUN	grace
de	ADP	de
Dieux	PROPN	dieu
,	PUNCT	,
me	PRON	je
firent	VERB	faire
entreprendre	VERB	entreprendre
a	ADP	a
faire	VERB	faire
cest	DET	cest
oevre	NOUN	ovrir
:	PUNCT	:
la	DET	le
primer	VERB	prime
chose	NOUN	chose
si	ADV	si
feust	VERB	être
une	DET	un
delit	NOUN	delit
qe	SCONJ	que
me	PRON	je
prist	VERB	prendre
de	ADP	de
occupier	VERB	occuret
un	DET	un
temps	NOUN	temps
qe	SCONJ	que
me	PRON	je
soleit	VERB	soloir
estre	VERB	estre
ocious	DET	ocire
en	ADP	en
ascune	VERB	ascue
service	NOUN	service
de	ADP	de
Dieux	PROPN	dieu
;	PUNCT	;
la	DET	le
seconde	ADJ	second
si	ADV	si
estoit	VERB	estre
pur	ADP	pour
moustrer	VERB	moustroy
apertement	NOUN	apertement
a	ADP	a
toutz	DET	tout
gientz	NOUN	jeter
la	DET	le
malveisté	NOUN	mauvaistié
q'	SCONJ	que
est	VERB	estre
en	ADP	en
moy	PRON	moi
,	PUNCT	,
de	ADP	de
qoi	PRON	coi
jeo	PRON	je
me	PRON	je
confesse	NOUN	confesser
a	ADP	a
Dieux	PROPN	dieu
et	CCONJ	et
a	ADP	a
tout	DET	tout
le	DET	le
monde	NOUN	monde
;	PUNCT	;
la	DET	le
tierce	NOUN	tierce
si	ADV	si
estoit	VERB	estre
un	DET	un
fort	ADJ	fort
enortement	NOUN	enortemer
moelt	NOUN	moulet
diligent	ADJ	diligence
d'	ADP	de
ascuns	VERB	ascu
de	ADP	de
mes	DET	mais
bons	ADJ	bon
amys	NOUN	ami
,	PUNCT	,
qe	SCONJ	que
sovent	ADJ	sovent
me	PRON	je
firent	VERB	faire
de	ADP	de
ceo	DET	ce
requeste	NOUN	requête
et	CCONJ	et
grant	ADJ	grant
confort	NOUN	confort
me	PRON	je
donerent	VERB	doner
qe	SCONJ	que
jeo	PRON	je
me	PRON	je
seurace	NOUN	sûrece
en	ADP	en
la	DET	le
poesté	NOUN	poësté
,	PUNCT	,
sens	NOUN	sens
et	CCONJ	et
grace	NOUN	grace
du	ADP.DET	de.le
Pier	PROPN	pier
et	CCONJ	et
du	ADP.DET	de.le
Filtz	NOUN	filt
et	CCONJ	et
de	ADP	de
Seint	ADJ	saint
Espirite	NOUN	esprit
et	CCONJ	et
en	ADP	en
noun	DET	non
de	ADP	de
celle	DET	cil
tresseinte	NOUN	tressenir
Trinité	NOUN	trinité
,	PUNCT	,
qe	SCONJ	que
jeo	PRON	je
hardiement	NOUN	hardïement
alasse	VERB	aler
avant	ADV	avant
en	ADP	en
requerant	VERB	requerre
eide	NOUN	aide
de	ADP	de
la	DET	le
grace	NOUN	grace
de	ADP	de
nostre	DET	notre
tresdouce	NOUN	doux
Dame	NOUN	dame
Seinte	ADJ	saint
Marie	PROPN	marie
le	DET	le
tresseinte	NOUN	tressenir
Virge	NOUN	virge
.	PUNCT	.
Et	CCONJ	et
si	ADV	si
riens	NOUN	rien
de	ADP	de
bien	NOUN	bien
y	ADV	y
soit	VERB	estre
,	PUNCT	,
bien	NOUN	bien
en	ADP	en
doient	VERB	devoir
avoir	VERB	avoir
iceaux	DET	icel
grande	ADJ	grand
partie	NOUN	partie
de	ADP	de
gree	NOUN	greer
,	PUNCT	,
et	CCONJ	et
si	ADV	si
prie	VERB	priier
jeo	PRON	je
a	ADP	a
Dieux	PROPN	dieu
q'	SCONJ	que
ils	PRON	il
en	ADP	en
eient	VERB	ainer
,	PUNCT	,
voir	ADJ	voir
atant	VERB	atendre
largement	NOUN	largement
come	SCONJ	come
moy	PRON	moi
car	CCONJ	car
largement	NOUN	largement
ount	VERB	ont
atant	VERB	atendre
deservy	VERB	deservir
ou	CCONJ	ou
plus	ADV	plus
.	PUNCT	.
Et	CCONJ	et
uncore	ADV	oncorer
sui	VERB	estre
jeo	PRON	je
de	ADP	de
trois	DET	trois
choses	NOUN	chose
moelt	NOUN	moulet
tenuz	VERB	tenir
a	ADP	a
mercier	VERB	mercier
nostre	DET	notre
Seignur	NOUN	seigneur
,	PUNCT	,
et	CCONJ	et
ces	DET	ce
sont	VERB	estre
de	ADP	de
trois	DET	trois
gracez	VERB	grace
en	ADP	en
fesant	NOUN	feste
cest	DET	cest
livre	NOUN	livre
:	PUNCT	:
l'	DET	le
une	DET	un
est	VERB	estre
la	DET	le
grace	NOUN	grace
de	ADP	de
la	DET	le
volenté	NOUN	volenté
et	CCONJ	et
l'	DET	le
entrepris	VERB	entreprendre
de	ADP	de
comencer	VERB	commencer
;	PUNCT	;
l'	DET	le
autre	ADJ	autre
est	VERB	estre
la	DET	le
grace	NOUN	grace
et	CCONJ	et
la	DET	le
continuance	NOUN	continuer
de	ADP	de
l'	DET	le
enoevre	NOUN	enovoir
;	PUNCT	;
la	DET	le
tierce	NOUN	tierce
si	ADV	si
est	VERB	estre
grace	NOUN	grace
de	ADP	de
l'	DET	le
espace	NOUN	espace
de	ADP	de
vie	NOUN	vie
tantqe	DET	tant
a	ADP	a
le	DET	le
complisement	NOUN	complert
et	CCONJ	et
la	DET	le
fyn	NOUN	fin
de	ADP	de
cest	DET	cest
escrit	NOUN	écrit
,	PUNCT	,
le	DET	le
quel	DET	quel
est	VERB	estre
ore	NOUN	ore
,	PUNCT	,
Dieux	PROPN	dieu
mercy	NOUN	merci
,	PUNCT	,
tout	DET	tout
acompli	VERB	accomplir
par	ADP	par
sa	DET	son
meismes	ADJ	même
grace	NOUN	grace
.	PUNCT	.
Et	CCONJ	et
qe	SCONJ	que
ceo	DET	ce
soit	VERB	estre
sovereinement	NOUN	soverment
al	ADP.DET	à.le
honour	NOUN	honneur
de	ADP	de
la	DET	le
Seinte	ADJ	saint
Trinité	NOUN	trinité
,	PUNCT	,
de	ADP	de
la	DET	le
benoite	ADJ	benëir
Virge	NOUN	virge
et	CCONJ	et
de	ADP	de
touz	DET	tout
les	DET	le
seintz	ADJ	saint
et	CCONJ	et
seintes	VERB	saint
de	ADP	de
paradis	NOUN	paradis
,	PUNCT	,
et	CCONJ	et
en	ADP	en
despite	VERB	despit
,	PUNCT	,
honte	NOUN	honte
et	CCONJ	et
confusion	NOUN	confondre
de	ADP	de
l'	DET	le
orde	NOUN	ord
diable	NOUN	dïable
d'	ADP	de
enfern	NOUN	enfer
et	CCONJ	et
touz	DET	tout
les	DET	le
compaignons	NOUN	compagnon
et	CCONJ	et
de	ADP	de
touz	DET	tout
ses	DET	son
affaires	NOUN	affaire
,	PUNCT	,
et	CCONJ	et
profit	NOUN	profit
,	PUNCT	,
eide	NOUN	aide
et	CCONJ	et
remission	NOUN	rempision
de	ADP	de
toutz	DET	tout
almes	NOUN	aler
cristienes	NOUN	crisiente
,	PUNCT	,
et	CCONJ	et
especialment	NOUN	espécialmement
pur	ADP	pour
ceaux	ADJ	cela
a	ADP	a
qi	PRON	qui
jeo	PRON	je
sui	VERB	estre
plus	ADV	plus
tenuz	VERB	tenir
de	ADP	de
mes	DET	mais
amys	NOUN	ami
,	PUNCT	,
et	CCONJ	et
puis	NOUN	puis
pur	ADP	pour
moy	PRON	moi
cheitife	ADJ	chaitif
peccheour	NOUN	pechëoc
.	PUNCT	.
Jeo	PRON	je
prie	VERB	priier
a	ADP	a
touz	DET	tout
qe	SCONJ	que
cest	DET	cest
fyne	NOUN	finer
verront	VERB	voir
q'	SCONJ	que
il	PRON	il
lour	DET	lour
plese	NOUN	plaire
eider	VERB	aidier
de	ADP	de
trois	DET	trois
Pater	VERB	patier
nr	NOUN	ner
.	PUNCT	.
et	CCONJ	et
trois	DET	trois
Ave	PROPN	avoir
Mariez	PROPN	marie
.	PUNCT	.
ICY	X	ice
FYNE	NOUN	finer
LE	DET	le
LIVRE	NOUN	livre
QE	SCONJ	que
SERRA	VERB	serr
APPELLÉ	PROPN	appeler
LE	DET	le
LIVRE	NOUN	livre
DE	ADP	de
SEYNTZ	ADJ	sentir
MEDICINES	NOUN	medecion
.	PUNCT	.
Explicit	PROPN	explisit
Pur	ADP	pour
ceo	DET	ce
qe	SCONJ	que
ascuns	VERB	ascu
purroient	VERB	pouvoir
trover	VERB	trover
devocion	NOUN	devocir
en	ADP	en
cest	DET	cest
matire	NOUN	matir
,	PUNCT	,
sicom	SCONJ	sicomme
les	DET	le
eeps	NOUN	espe
trouvent	VERB	trouver
le	DET	le
myel	ADJ	mieux
et	CCONJ	et
l'	DET	le
enportent	VERB	entreponer
des	ADP.DET	de.le
ameres	NOUN	amer
fleures	NOUN	fleure
et	CCONJ	et
de	ADP	de
rounces	NOUN	ronce
,	PUNCT	,
pur	ADP	pour
ceo	DET	ce
vorroie	VERB	voir
jeo	PRON	je
faire	VERB	faire
relacion	NOUN	relevoin
si	ADV	si
brief	NOUN	brief
de	ADP	de
la	DET	le
plus	ADV	plus
grande	ADJ	grand
substance	NOUN	subplet
qe	SCONJ	que
l'	DET	le
en	ADP	en
ben	ADJ	bien
entendre	VERB	entendre
poet	VERB	pöoir
,	PUNCT	,
et	CCONJ	et
a	ADP	a
Dieux	PROPN	dieu
sovent	ADJ	sovent
recorder	VERB	recorder
,	PUNCT	,
qe	SCONJ	que
talent	NOUN	talent
en	ADP	en
eust	VERB	avoir
.	PUNCT	.
Et	CCONJ	et
,	PUNCT	,
ne	ADV	ne
soit	VERB	estre
l'	DET	le
enoevre	NOUN	enovoir
ja	ADV	ja
si	ADV	si
nyce	NOUN	nice
,	PUNCT	,
celuy	DET	cil
ou	CCONJ	ou
celle	DET	cil
qe	SCONJ	que
en	ADP	en
l'	DET	le
alme	NOUN	alem
sucher	VERB	sucher
en	ADP	en
voille	NOUN	voloir
,	PUNCT	,
jeo	PRON	je
espoir	NOUN	espoir
sanz	ADP	sans
doute	ADJ	doute
,	PUNCT	,
ou	CCONJ	ou
la	DET	le
grace	NOUN	grace
de	ADP	de
Dieux	PROPN	dieu
,	PUNCT	,
qe	SCONJ	que
ascun	ADP	ascu
myel	ADJ	mieux
il	PRON	il
trera	VERB	traire
:	PUNCT	:
et	CCONJ	et
ensi	ADV	ainsi
voille	NOUN	voloir
Dieux	PROPN	dieu
.	PUNCT	.
Amen	NOUN	amener
!	PUNCT	!
Amen	NOUN	amener
!	PUNCT	!
Beau	PROPN	beau
tresdouz	DET	troudse
Sire	NOUN	seignor
Jesus	PROPN	jesus
Crist	PROPN	crist
,	PUNCT	,
jeo	PRON	je
voz	DET	vostre
mercye	NOUN	mercïer
qe	SCONJ	que
voz	DET	vostre
me	PRON	je
feistes	VERB	faire
de	ADP	de
nient	ADV	néant
et	CCONJ	et
le	DET	le
mond	DET	monde
et	CCONJ	et
tant	ADV	tant
de	ADP	de
creatures	NOUN	créature
pur	ADP	pour
moy	PRON	moi
servir	VERB	servir
.	PUNCT	.
Et	CCONJ	et
bien	NOUN	bien
sai	VERB	savoir
qe	SCONJ	que
pur	ADP	pour
eaux	NOUN	eux
voz	DET	vostre
deusse	VERB	devoir
jeo	PRON	je
avoir	VERB	avoir
servy	VERB	servir
,	PUNCT	,
et	CCONJ	et
pur	ADP	pour
moy	PRON	moi
meismes	ADJ	même
ausi	ADV	aussi
;	PUNCT	;
lequel	DET	lequel
jeo	PRON	je
n'	ADV	ne
ai	VERB	avoir
pas	NOUN	pas
fait	VERB	faire
,	PUNCT	,
de	ADP	de
qoi	PRON	coi
jeo	PRON	je
crie	NOUN	crier
mercy	NOUN	merci
,	PUNCT	,
tresdouz	DET	troudse
Sires	NOUN	seignor
,	PUNCT	,
einz	ADV	ainz
ai	VERB	avoir
fait	VERB	faire
le	DET	le
contraire	ADJ	contraire
de	ADP	de
tout	DET	tout
;	PUNCT	;
et	CCONJ	et
meynt	ADJ	metre
ount	VERB	ont
,	PUNCT	,
Sire	NOUN	seignor
,	PUNCT	,
lessee	VERB	laissier
et	CCONJ	et
desportee	VERB	desperer
vostre	DET	vostre
service	NOUN	service
pur	ADP	pour
moy	PRON	moi
servir	VERB	servir
:	PUNCT	:
bien	NOUN	bien
deusse	VERB	devoir
donqes	ADV	donc
pur	ADP	pour
eaux	NOUN	eux
avoir	VERB	avoir
fait	VERB	faire
si	ADV	si
jeo	PRON	je
loiaux	ADJ	loyal
feusse	NOUN	être
.	PUNCT	.
D'	ADP	de
autre	ADJ	autre
part	NOUN	part
,	PUNCT	,
douz	ADJ	douz
Sires	NOUN	seignor
,	PUNCT	,
grantz	ADJ	grant
merciz	NOUN	merci
q'	SCONJ	que
il	PRON	il
voz	DET	vostre
pleust	ADJ	plaire
de	ADP	de
prendre	VERB	prendre
la	DET	le
poure	NOUN	pour
semblance	NOUN	semblance
de	ADP	de
moy	PRON	moi
,	PUNCT	,
si	ADV	si
jeo	PRON	je
eusse	VERB	avoir
volu	VERB	vouloir
estre	VERB	estre
bon	ADJ	bon
;	PUNCT	;
mes	DET	mais
noun	DET	non
ai	VERB	avoir
volu	VERB	vouloir
d'	ADP	de
estre	VERB	estre
,	PUNCT	,
et	CCONJ	et
pur	ADP	pour
ceo	DET	ce
l'	DET	le
ai	VERB	avoir
jeo	PRON	je
perdue	VERB	perdre
,	PUNCT	,
et	CCONJ	et
droitement	ADV	droitéement
en	ADP	en
ma	DET	mon
defaute	ADJ	défaute
;	PUNCT	;
de	ADP	de
qoi	PRON	coi
,	PUNCT	,
tresdouz	DET	troudse
Sires	NOUN	seignor
,	PUNCT	,
jeo	PRON	je
cheitif	ADJ	chaitif
voz	DET	vostre
crie	NOUN	crier
mercy	NOUN	merci
,	PUNCT	,
et	CCONJ	et
poy	NOUN	pöoir
voz	DET	vostre
resemble	NOUN	resmevoir
quant	SCONJ	cant
tant	ADV	tant
de	ADP	de
peynes	NOUN	peine
soeffristes	NOUN	souffrir
pur	ADP	pour
moy	PRON	moi
,	PUNCT	,
et	CCONJ	et
jeo	PRON	je
nul	DET	nul
pur	ADP	pour
voz	DET	vostre
soeffrir	VERB	sofrir
ne	ADV	ne
puisse	VERB	pöoir
ou	CCONJ	ou
ne	ADV	ne
voille	NOUN	voloir
.	PUNCT	.
A	ADP	a
!	PUNCT	!
Mercy	NOUN	merci
,	PUNCT	,
A	ADP	a
!	PUNCT	!
Mercy	NOUN	merci
vous	PRON	vous
ent	CCONJ	entre
crie	NOUN	crier
.	PUNCT	.
Et	CCONJ	et
la	DET	le
tierce	NOUN	tierce
foiZe	NOUN	foise
mercier	VERB	mercier
voz	DET	vostre
doi	NOUN	devoir
,	PUNCT	,
tresdouz	DET	troudse
Sires	NOUN	seignor
,	PUNCT	,
moelt	NOUN	moulet
fort	ADJ	fort
,	PUNCT	,
de	ADP	de
ceo	DET	ce
q'	SCONJ	que
il	PRON	il
voz	DET	vostre
pleust	ADJ	plaire
a	ADP	a
morir	VERB	morir
pur	ADP	pour
moy	PRON	moi
rechater	VERB	rechatre
de	ADP	de
la	DET	le
morte	VERB	morir
d'	ADP	de
enfern	NOUN	enfer
.	PUNCT	.
Et	CCONJ	et
bien	NOUN	bien
doie	VERB	devoir
jeo	PRON	je
par	ADP	par
bone	ADJ	bon
cause	NOUN	cause
et	CCONJ	et
de	ADP	de
parfond	ADJ	parfont
coer	NOUN	coer
crier	VERB	crïer
mercy	NOUN	merci
,	PUNCT	,
quant	SCONJ	cant
par	ADP	par
ma	DET	mon
malveisté	NOUN	mauvaistié
et	CCONJ	et
puant	VERB	pouvoir
ordure	NOUN	ordure
jeo	PRON	je
voz	DET	vostre
ai	VERB	avoir
fait	VERB	faire
,	PUNCT	,
tant	ADV	tant
come	SCONJ	come
en	ADP	en
moy	PRON	moi
est	VERB	estre
,	PUNCT	,
perdre	VERB	perdre
tant	ADV	tant
de	ADP	de
vostre	DET	vostre
preciouse	ADJ	procïos
sanke	NOUN	sang
et	CCONJ	et
tant	ADV	tant
de	ADP	de
peynes	NOUN	peine
soeffrir	VERB	sofrir
en	ADP	en
veyne	NOUN	veine
:	PUNCT	:
car	CCONJ	car
il	PRON	il
est	VERB	estre
avys	NOUN	avis
qe	SCONJ	que
j'	PRON	je
ai	VERB	avoir
mys	VERB	mettre
toute	DET	tout
ma	DET	mon
entente	ADJ	entente
a	ADP	a
ceo	DET	ce
qe	SCONJ	que
riens	NOUN	rien
ne	ADV	ne
me	PRON	je
deust	VERB	devoir
valoir	VERB	valoir
celle	DET	cil
grande	ADJ	grand
ranceon	NOUN	ranconer
,	PUNCT	,
pur	ADP	pour
ceo	DET	ce
qe	SCONJ	que
jeo	PRON	je
n'	ADV	ne
ai	VERB	avoir
volu	VERB	vouloir
issir	VERB	issir
de	ADP	de
prison	NOUN	prison
ne	ADV	ne
estre	VERB	estre
resuscitee	VERB	résirer
de	ADP	de
morte	VERB	morir
.	PUNCT	.
A	ADP	a
!	PUNCT	!
Sire	NOUN	seignor
,	PUNCT	,
eietz	NOUN	aider
mercy	NOUN	merci
de	ADP	de
moy	PRON	moi
et	CCONJ	et
de	ADP	de
mes	DET	mais
plaies	NOUN	plaie
qe	SCONJ	que
j'	PRON	je
ai	VERB	avoir
en	ADP	en
orailles	NOUN	oraille
,	PUNCT	,
en	ADP	en
oeux	NOUN	oeux
,	PUNCT	,
en	ADP	en
narils	NOUN	naris
,	PUNCT	,
en	ADP	en
la	DET	le
bouche	NOUN	bouche
,	PUNCT	,
en	ADP	en
mayns	NOUN	main
,	PUNCT	,
en	ADP	en
pieez	NOUN	pié
,	PUNCT	,
et	CCONJ	et
par	ADP	par
mye	ADJ	mie
le	DET	le
coer	NOUN	coer
;	PUNCT	;
et	CCONJ	et
la	DET	le
maladie	ADJ	maladen
de	ADP	de
corps	NOUN	corps
,	PUNCT	,
tresdouz	DET	troudse
Sires	NOUN	seignor
,	PUNCT	,
come	SCONJ	come
bon	ADJ	bon
meistres	NOUN	maistre
,	PUNCT	,
voillietez	NOUN	vouloir
garrir	VERB	garir
et	CCONJ	et
l'	DET	le
encombrement	VERB	encombrement
de	ADP	de
tout	DET	tout
voillietz	NOUN	vouloir
ouster	VERB	oster
par	ADP	par
la	DET	le
vertue	NOUN	vertu
de	ADP	de
voz	DET	vostre
:	PUNCT	:
Primerement	PROPN	priemmeler
par	ADP	par
la	DET	le
vertue	NOUN	vertu
de	ADP	de
medicines	NOUN	midicande
d'	ADP	de
une	DET	un
precious	ADJ	preciol
boire	VERB	boire
-	PUNCT	-
c'	CCONJ	ce
est	VERB	estre
de	ADP	de
benoit	VERB	benoiier
leet	VERB	lait
de	ADP	de
la	DET	le
douce	ADJ	doux
Virge	NOUN	virge
,	PUNCT	,
pur	ADP	pour
nettoier	VERB	neter
les	DET	le
plaies	NOUN	plaie
par	ADP	par
dedeinz	ADP	dedenit
et	CCONJ	et
de	ADP	de
corps	NOUN	corps
faire	VERB	faire
issir	VERB	issir
le	DET	le
male	ADJ	mal
.	PUNCT	.
Et	CCONJ	et
apres	ADV	après
,	PUNCT	,
tresdouce	NOUN	doux
Sires	NOUN	seignor
,	PUNCT	,
des	ADP.DET	de.le
lermes	NOUN	larme
vostre	DET	vostre
tresbenoite	NOUN	tresenber
mier	ADJ	mier
,	PUNCT	,
qe	SCONJ	que
pur	ADP	pour
vous	PRON	vous
estoient	VERB	estre
ameres	NOUN	amer
,	PUNCT	,
douces	ADJ	doux
,	PUNCT	,
cleres	NOUN	cler
et	CCONJ	et
espesses	NOUN	espès
,	PUNCT	,
salees	NOUN	sale
et	CCONJ	et
fresches	NOUN	frois
:	PUNCT	:
et	CCONJ	et
ces	DET	ce
sont	VERB	estre
trois	DET	trois
foitz	NOUN	faire
diaux	NOUN	duel
contraires	ADJ	contraire
et	CCONJ	et
sont	VERB	estre
touz	DET	tout
verrai	VERB	vëoir
,	PUNCT	,
sicom	SCONJ	sicomme
entendre	VERB	entendre
poet	VERB	pöoir
qi	PRON	qui
bien	NOUN	bien
penser	VERB	penser
y	ADV	y
voelt	VERB	voloir
;	PUNCT	;
et	CCONJ	et
de	ADP	de
celles	DET	cil
puissent	VERB	pöoir
mes	DET	mais
plaies	NOUN	plaie
estre	VERB	estre
laveez	VERB	laver
bien	NOUN	bien
et	CCONJ	et
nettement	ADV	neter
,	PUNCT	,
et	CCONJ	et
tout	DET	tout
le	DET	le
cheitif	ADJ	chaitif
corps	NOUN	corps
baignee	VERB	baigner
et	CCONJ	et
lavee	VERB	laver
qe	SCONJ	que
moelt	NOUN	moulet
desheitee	VERB	deshaitier
est	VERB	estre
.	PUNCT	.
Apres	ADP	après
ceo	DET	ce
,	PUNCT	,
tresdouz	DET	troudse
Sires	NOUN	seignor
,	PUNCT	,
jeo	PRON	je
voz	DET	vostre
prie	VERB	priier
qe	SCONJ	que
jeo	PRON	je
soie	NOUN	estre
enoynte	NOUN	enoiier
et	CCONJ	et
baumez	VERB	baumet
les	DET	le
morteles	ADJ	mortel
plaies	NOUN	plaie
et	CCONJ	et
tout	DET	tout
le	DET	le
corps	NOUN	corps
de	ADP	de
moy	PRON	moi
,	PUNCT	,
de	ADP	de
cely	PRON	cel
precious	ADJ	preciol
sank	NOUN	sang
qe	SCONJ	que
voz	DET	vostre
raia	VERB	rai
et	CCONJ	et
vous	PRON	vous
corust	VERB	corir
outre	ADP	outre
les	DET	le
orailles	NOUN	oraille
,	PUNCT	,
les	DET	le
oeux	NOUN	oeux
,	PUNCT	,
le	DET	le
nees	NOUN	naistre
et	CCONJ	et
la	DET	le
bouche	NOUN	bouche
,	PUNCT	,
et	CCONJ	et
hors	ADV	hors
de	ADP	de
mayns	NOUN	main
,	PUNCT	,
de	ADP	de
pieez	NOUN	pié
et	CCONJ	et
de	ADP	de
tresbenoit	VERB	tresance
coer	NOUN	coer
de	ADP	de
voz	DET	vostre
et	CCONJ	et
de	ADP	de
tout	DET	tout
vostre	DET	vostre
tresseinte	NOUN	tressenir
corps	NOUN	corps
.	PUNCT	.
Et	CCONJ	et
donqes	ADV	donc
envolupetz	VERB	envoser
en	ADP	en
les	DET	le
joies	NOUN	joie
de	ADP	de
nostre	DET	notre
douce	ADJ	doux
Dame	NOUN	dame
:	PUNCT	:
en	ADP	en
celle	DET	cil
qe	SCONJ	que
vient	VERB	venir
au	ADP.DET	a.le
coer	NOUN	coer
,	PUNCT	,
primes	NOUN	prim
par	ADP	par
les	DET	le
orailles	NOUN	oraille
,	PUNCT	,
par	ADP	par
la	DET	le
bone	ADJ	bon
novelle	NOUN	novele
del	ADP.DET	de.le
angele	NOUN	angele
,	PUNCT	,
et	CCONJ	et
puis	NOUN	puis
par	ADP	par
les	DET	le
oeux	NOUN	oeux
,	PUNCT	,
de	ADP	de
veoir	VERB	vëoir
vostre	DET	vostre
tresdouz	DET	troudse
filz	NOUN	fil
,	PUNCT	,
et	CCONJ	et
ensement	ADV	ensement
par	ADP	par
les	DET	le
nees	NOUN	naistre
,	PUNCT	,
de	ADP	de
la	DET	le
douce	ADJ	doux
odour	NOUN	oudre
,	PUNCT	,
et	CCONJ	et
par	ADP	par
la	DET	le
bouche	NOUN	bouche
,	PUNCT	,
come	SCONJ	come
de	ADP	de
meynt	ADJ	metre
douz	ADJ	douz
beisers	NOUN	baissier
,	PUNCT	,
et	CCONJ	et
de	ADP	de
braz	NOUN	braz
et	CCONJ	et
mayns	NOUN	main
ly	DET	le
enbracer	VERB	embracher
et	CCONJ	et
moelt	NOUN	moulet
doucement	NOUN	doucement
mayner	VERB	maniere
,	PUNCT	,
et	CCONJ	et
de	ADP	de
l'	DET	le
aler	VERB	aler
en	ADP	en
temple	NOUN	temple
sur	ADP	sur
voz	DET	vostre
pieez	NOUN	pié
pur	ADP	pour
l'	DET	le
offrende	NOUN	ofrif
faire	VERB	faire
bonement	NOUN	bonnement
,	PUNCT	,
de	ADP	de
vostre	DET	vostre
chere	NOUN	cher
filtz	NOUN	filt
a	ADP	a
Seint	ADJ	saint
Symeon	PROPN	simone
,	PUNCT	,
et	CCONJ	et
en	ADP	en
la	DET	le
joie	NOUN	joie
proprement	NOUN	proprement
de	ADP	de
coer	NOUN	coer
qe	SCONJ	que
voz	DET	vostre
avietz	VERB	avié
,	PUNCT	,
douce	ADJ	doux
Dame	NOUN	dame
,	PUNCT	,
a	ADP	a
touz	DET	tout
les	DET	le
foiz	NOUN	foi
qe	SCONJ	que
voz	DET	vostre
penseitz	NOUN	penser
qe	SCONJ	que
c'	CCONJ	ce
estoit	VERB	estre
ly	DET	le
Roy	NOUN	roi
de	ADP	de
Roys	NOUN	roi
qe	SCONJ	que
voz	DET	vostre
avietz	VERB	avié
portee	NOUN	porter
en	ADP	en
voz	DET	vostre
douz	ADJ	douz
enflance	NOUN	enflance
.	PUNCT	.
En	ADP	en
cestes	DET	cest
gloriouses	ADJ	glorieux
joies	NOUN	joie
si	ADV	si
pureez	VERB	poure
et	CCONJ	et
netteez	ADJ	natir
voillietz	NOUN	vouloir
mes	DET	mais
ordes	NOUN	ordre
plaies	NOUN	plaie
einz	ADV	ainz
envoluper	VERB	envoser
,	PUNCT	,
siqe	NOUN	siec
elles	PRON	elle
soient	VERB	estre
gardez	VERB	garder
desormes	NOUN	desormer
de	ADP	de
touz	DET	tout
mals	NOUN	mal
et	CCONJ	et
encombrementz	VERB	encombrement
,	PUNCT	,
de	ADP	de
la	DET	le
resurreccione	NOUN	résorcher
et	CCONJ	et
de	ADP	de
l'	DET	le
ascencion	NOUN	ascensiner
et	CCONJ	et
del	ADP.DET	de.le
assumpcion	NOUN	assembler
.	PUNCT	.
Jeo	PRON	je
voz	DET	vostre
prie	VERB	priier
,	PUNCT	,
tresdouce	NOUN	doux
Dame	NOUN	dame
,	PUNCT	,
qe	SCONJ	que
de	ADP	de
celles	DET	cil
joies	NOUN	joie
le	DET	le
fieble	ADJ	fieble
corps	NOUN	corps
de	ADP	de
moy	PRON	moi
soit	VERB	estre
si	ADV	si
reforcez	VERB	reforcer
,	PUNCT	,
qe	SCONJ	que
jeo	PRON	je
puisse	VERB	pöoir
la	DET	le
cheitive	ADJ	chaitif
alme	NOUN	alem
lever	VERB	lever
et	CCONJ	et
drescer	VERB	dresser
vers	ADP	vers
mont	NOUN	monde
vigorousement	NOUN	vergoigole
et	CCONJ	et
sanz	ADP	sans
delay	NOUN	delai
.	PUNCT	.
Et	CCONJ	et
puis	NOUN	puis
,	PUNCT	,
par	ADP	par
la	DET	le
vertue	NOUN	vertu
de	ADP	de
la	DET	le
Seinte	ADJ	saint
Trinité	NOUN	trinité
et	CCONJ	et
du	ADP.DET	de.le
precious	ADJ	preciol
sank	NOUN	sang
,	PUNCT	,
jeo	PRON	je
soie	NOUN	estre
voidez	ADJ	voir
de	ADP	de
touz	DET	tout
maux	NOUN	mal
et	CCONJ	et
reempli	VERB	remetre
de	ADP	de
touz	DET	tout
biens	NOUN	bien
.	PUNCT	.
Et	CCONJ	et
qe	SCONJ	que
desoremes	VERB	desormer
jeo	PRON	je
me	PRON	je
puisse	VERB	pöoir
si	ADV	si
governer	VERB	governer
et	CCONJ	et
ensi	ADV	ainsi
ma	DET	mon
vie	NOUN	vie
mener	VERB	mener
q'	SCONJ	que
elle	PRON	elle
soit	VERB	estre
plesant	ADJ	plaire
a	ADP	a
voz	DET	vostre
,	PUNCT	,
tresdouz	DET	troudse
Sires	NOUN	seignor
.	PUNCT	.
Et	CCONJ	et
la	DET	le
bone	ADJ	bon
vie	NOUN	vie
de	ADP	de
nostre	DET	notre
douce	ADJ	doux
Dame	NOUN	dame
et	CCONJ	et
de	ADP	de
touz	DET	tout
les	DET	le
seintz	ADJ	saint
et	CCONJ	et
seintes	VERB	saint
me	PRON	je
soit	VERB	estre
eide	NOUN	aide
a	ADP	a
ma	DET	mon
vie	NOUN	vie
si	ADV	si
governer	VERB	governer
et	CCONJ	et
hors	ADV	hors
de	ADP	de
mortele	ADJ	mortel
pecché	NOUN	péché
garder	VERB	garder
;	PUNCT	;
et	CCONJ	et
la	DET	le
tresseinte	NOUN	tressenir
seintetee	VERB	sainter
de	ADP	de
celle	DET	cil
douce	ADJ	doux
Dame	NOUN	dame
et	CCONJ	et
de	ADP	de
celle	DET	cil
tresseinte	NOUN	tressenir
compaignie	NOUN	compagnie
almoignes	NOUN	alermont
,	PUNCT	,
charitez	NOUN	charité
,	PUNCT	,
devoutes	VERB	devour
prieres	NOUN	priier
et	CCONJ	et
meynt	ADJ	metre
bone	ADJ	bon
fait	VERB	faire
,	PUNCT	,
qe	SCONJ	que
ovesqes	NOUN	ovec
eaux	NOUN	eux
sont	VERB	estre
en	ADP	en
paradys	NOUN	paradis
,	PUNCT	,
jeo	PRON	je
voz	DET	vostre
requere	VERB	requerre
,	PUNCT	,
tresdouz	DET	troudse
Sires	NOUN	seignor
,	PUNCT	,
qe	SCONJ	que
tout	DET	tout
ceo	DET	ce
me	PRON	je
puisse	VERB	pöoir
eider	VERB	aidier
a	ADP	a
conduire	VERB	conduire
l'	DET	le
alme	NOUN	alem
de	ADP	de
moy	PRON	moi
la	DET	le
droite	ADJ	droit
voie	NOUN	voie
envers	ADP	envers
paradis	NOUN	paradis
et	CCONJ	et
la	DET	le
mettre	VERB	mettre
tout	DET	tout
droit	ADJ	droit
.	PUNCT	.
Et	CCONJ	et
contre	ADP	contre
mes	DET	mais
maux	NOUN	mal
,	PUNCT	,
qe	SCONJ	que
jeo	PRON	je
puisse	VERB	pöoir
avoir	VERB	avoir
un	DET	un
poys	NOUN	pöoir
qe	SCONJ	que
puisse	VERB	pöoir
poiser	VERB	poiser
oue	PRON	oeu
moy	PRON	moi
en	ADP	en
la	DET	le
balance	ADJ	balancier
encontre	ADP	encontre
mes	DET	mais
pecchés	NOUN	péché
:	PUNCT	:
et	CCONJ	et
ceo	DET	ce
soit	VERB	estre
les	DET	le
peynes	NOUN	peine
,	PUNCT	,
tourmentz	VERB	tourment
,	PUNCT	,
penitences	NOUN	penitence
,	PUNCT	,
de	ADP	de
nostre	DET	notre
douce	ADJ	doux
Dame	NOUN	dame
et	CCONJ	et
de	ADP	de
seintz	ADJ	saint
Apostles	NOUN	appostle
,	PUNCT	,
Martirs	PROPN	martir
et	CCONJ	et
Confessours	PROPN	confesser
,	PUNCT	,
Virges	NOUN	virge
et	CCONJ	et
Veves	NOUN	vesle
.	PUNCT	.
Ensi	ADV	ainsi
soit	VERB	estre
il	PRON	il
.	PUNCT	.
Amen	NOUN	amener
!	PUNCT	!
par	ADP	par
seinte	ADJ	saint
charitee	VERB	charite
.	PUNCT	.
CEST	DET	cest
LIVRE	NOUN	livre
ESTOIT	VERB	estre
COMENCEE	VERB	comencier
ET	CCONJ	et
PARFAITE	VERB	parfait
EN	ADP	en
L'	DET	le
AN	ADP	an
DE	ADP	de
GRACE	ADJ	grache
NOSTRE	ADJ	notre
SEIGNUR	ADJ	seignor
JHESU	PROPN	jesu
CRIST	PROPN	crist
M	PUNCT	me
.	PUNCT	.
CCC	DET	cect
.	PUNCT	.
LIIII	PROPN	lettre
.	PUNCT	.
ET	CCONJ	et
LE	DET	le
FIST	VERB	faire
UN	DET	un
FOLE	NOUN	fol
CHEITIF	ADJ	chetit
PECCHEOUR	NOUN	pechecuie
QE	SCONJ	que
L'	DET	le
EN	ADP	en
APELLE	PROPN	apeler
ERTSACNAL	PROPN	estre-damge
EDCUD	PROPN	edec
IRNEH	ADJ	irner
,	PUNCT	,
A	ADP	a
QI	SCONJ	que
DIEUX	PROPN	dueil
SEZ	DET	son
MALFAITZ	PROPN	mapaistle
PARDOYNT	VERB	pardoner
.	PUNCT	.
Amen	NOUN	amener
!	PUNCT	!
Dextera	PROPN	dexentir
scriptoris	NOUN	crestif-dre
careat	VERB	carate
gravitate	NOUN	gravettre
doloris	NOUN	dolor
.	PUNCT	.
